0 0.003492 0.004703 0.002039 3.491966 4.703011 2.038930 0.000000  
1 0.002996 0.004207 0.001543 2.995598 4.206643 1.542562 0.000000  
2 0.001979 0.003190 0.000526 1.979064 3.190109 0.526029 0.000000  
3 -0.003030 -0.001819 -0.004483 -3.030376 -1.819331 -4.483411 0.000000  
4 0.000946 0.002157 -0.000507 0.946147 2.157192 -0.506889 0.000000  
5 -0.038841 -0.037630 -0.040294 -38.840660 -37.629616 -40.293694 0.000000  
6 0.003490 0.004701 0.002037 3.489649 4.700694 2.036613 0.000000  
7 0.000011 0.001222 -0.001442 0.010957 1.222002 -1.442078 0.000000  
8 -0.136795 -0.135584 -0.138248 -136.794937 -135.583893 -138.247971 0.000000  
9 0.003492 0.004703 0.002039 3.491886 4.702930 2.038850 0.000000  
10 -0.001472 -0.000261 -0.002925 -1.472031 -0.260987 -2.925067 0.000000  
11 -0.033260 -0.032049 -0.034713 -33.259613 -32.048565 -34.712646 0.000000  
12 0.003485 0.004696 0.002032 3.484598 4.695642 2.031562 0.000000  
13 -0.002999 -0.001788 -0.004452 -2.998909 -1.787864 -4.451945 0.000000  
14 -0.005664 -0.004452 -0.007117 -5.663523 -4.452478 -7.116559 0.000000  
15 0.001781 0.002992 0.000328 1.781190 2.992235 0.328155 0.000000  
16 -0.040793 -0.039582 -0.042246 -40.792824 -39.581779 -42.245857 0.000000  
17 0.003486 0.004697 0.002033 3.486298 4.697342 2.033262 0.000000  
18 -0.005483 -0.004272 -0.006936 -5.483196 -4.272151 -6.936232 0.000000  
19 0.001116 0.002327 -0.000338 1.115536 2.326580 -0.337500 0.000000  
20 -0.130939 -0.129728 -0.132392 -130.938644 -129.727600 -132.391678 0.000000  
21 0.003492 0.004703 0.002039 3.491753 4.702798 2.038717 0.000000  
22 -0.007430 -0.006219 -0.008883 -7.429984 -6.218939 -8.883019 0.000000  
23 0.002293 0.003504 0.000840 2.292649 3.503693 0.839613 0.000000  
24 -0.033005 -0.031794 -0.034458 -33.004913 -31.793869 -34.457951 0.000000  
25 0.003476 0.004687 0.002023 3.476258 4.687303 2.023222 0.000000  
26 -0.009577 -0.008366 -0.011030 -9.576713 -8.365667 -11.029748 0.000000  
27 0.002822 0.004033 0.001369 2.821544 4.032589 1.368508 0.000000  
28 -0.021384 -0.020173 -0.022837 -21.384062 -20.173018 -22.837097 0.000000  
29 0.003425 0.004636 0.001972 3.425386 4.636431 1.972350 0.000000  
30 -0.012218 -0.011007 -0.013671 -12.218426 -11.007381 -13.671461 0.000000  
31 0.003117 0.004328 0.001664 3.116605 4.327650 1.663569 0.000000  
32 -0.018245 -0.017034 -0.019698 -18.245134 -17.034090 -19.698172 0.000000  
33 0.003370 0.004581 0.001917 3.370397 4.581441 1.917361 0.000000  
34 -0.015131 -0.013920 -0.016584 -15.130667 -13.919622 -16.583702 0.000000  
35 0.003267 0.004478 0.001814 3.267045 4.478089 1.814009 0.000000  
36 -0.017997 -0.016786 -0.019451 -17.997486 -16.786442 -19.450521 0.000000  
37 0.003350 0.004561 0.001897 3.350003 4.561048 1.896968 0.000000  
38 -0.017674 -0.016463 -0.019127 -17.674236 -16.463192 -19.127272 0.000000  
39 0.003334 0.004545 0.001881 3.334038 4.545083 1.881003 0.000000  
40 -0.019085 -0.017874 -0.020538 -19.084566 -17.873520 -20.537601 0.000000  
41 0.003360 0.004571 0.001907 3.359856 4.570900 1.906820 0.000000  
42 -0.019713 -0.018502 -0.021166 -19.712877 -18.501833 -21.165915 0.000000  
43 0.003366 0.004577 0.001913 3.366154 4.577198 1.913118 0.000000  
44 -0.020692 -0.019481 -0.022145 -20.692144 -19.481100 -22.145182 0.000000  
45 0.003378 0.004589 0.001925 3.378011 4.589056 1.924975 0.000000  
46 -0.021546 -0.020335 -0.022999 -21.546335 -20.335291 -22.999371 0.000000  
47 0.003386 0.004598 0.001933 3.386466 4.597510 1.933430 0.000000  
48 -0.022455 -0.021244 -0.023908 -22.454559 -21.243515 -23.907597 0.000000  
49 0.003395 0.004606 0.001942 3.394717 4.605762 1.941681 0.000000  
50 -0.023354 -0.022143 -0.024807 -23.353899 -22.142855 -24.806934 0.000000  
51 0.003402 0.004613 0.001949 3.401936 4.612980 1.948900 0.000000  
