Las teperaturas son: 
79.824448	87.556229	91.101700	92.966316	94.051788	94.728165	95.167038	95.456757	95.646652	95.766083	95.833206	95.859512	95.852081	95.814972	95.749939	95.656647	95.532944	95.374527	95.174545	94.922928	94.604691	94.197861	93.669052	92.965668	92.000359	90.617889	88.517532	85.051392	78.641327	64.902893	
71.742142	79.298950	83.884163	86.711388	88.511963	89.692833	90.482025	91.011833	91.362061	91.582550	91.705231	91.750580	91.731567	91.655556	91.525665	91.341270	91.098145	90.788132	90.398415	89.910080	89.295746	88.515564	87.510689	86.191376	84.416168	81.952187	78.399498	73.045547	64.610123	50.969521	
67.847130	74.015472	78.426994	81.485489	83.594429	85.051819	86.059113	86.749214	87.209877	87.499481	87.657066	87.708511	87.670387	87.552231	87.357979	87.086502	86.731895	86.282913	85.722176	85.024330	84.153473	83.058670	81.667145	79.873238	77.520676	74.374969	70.082336	64.120575	55.783306	44.364124	
65.634392	70.492989	74.327705	77.214569	79.334320	80.867256	81.960083	82.722992	83.235893	83.555679	83.722343	83.763260	83.696350	83.531952	83.274155	82.921265	82.466003	81.895065	81.188118	80.316208	79.239182	77.901978	76.228928	74.116028	71.420059	67.945770	63.434853	57.571022	50.037788	40.702515	
64.202423	68.000526	71.183609	73.719139	75.670349	77.132889	78.201683	78.958023	79.466644	79.776955	79.925407	79.937927	79.831726	79.616798	79.296753	78.869278	78.326149	77.652908	76.827980	75.821320	74.592392	73.087479	71.236038	68.946365	66.101242	62.555676	58.141785	52.691399	46.093899	38.406796	
63.181168	66.131302	68.696884	70.819366	72.507729	73.806076	74.770569	75.456413	75.911957	76.176727	76.281319	76.248238	76.092659	75.823288	75.442863	74.948395	74.331131	73.576286	72.662437	71.560448	70.232147	68.628860	66.689407	64.338806	61.488140	58.037773	53.887688	48.960014	43.239380	36.829250	
62.398804	64.656837	66.665573	68.368027	69.751167	70.830666	71.636917	72.205009	72.568832	72.758011	72.796600	72.702805	72.489044	72.162201	71.723831	71.170311	70.492744	69.676682	68.701790	67.541199	66.160797	64.518646	62.564476	60.240154	57.481789	54.224888	50.414665	46.023300	41.074333	35.669128	
61.766460	63.443802	64.955307	66.253181	67.317551	68.149742	68.764267	69.182022	69.425522	69.515785	69.470642	69.303902	69.024940	68.638634	68.145325	67.540817	66.816238	65.957977	64.947380	63.760590	62.368248	60.735565	58.822784	56.586555	53.982811	50.971958	47.527264	43.646488	39.365738	34.771069	
61.233864	62.410599	63.475792	64.391785	65.138634	65.711243	66.115021	66.361542	66.464935	66.439331	66.297218	66.048355	65.699226	65.252701	64.707932	64.060242	63.300999	62.417625	61.393482	60.207886	58.836243	57.250515	55.420097	53.313560	50.901482	48.160881	45.081387	41.672546	37.971470	34.047424	
60.770283	61.504696	62.164806	62.722153	63.159489	63.469673	63.653378	63.716347	63.666920	63.514046	63.265850	62.928665	62.506348	61.999989	61.407654	60.724243	59.941486	59.047909	58.028893	56.866844	55.541553	54.030811	52.311481	50.361214	48.160873	45.698048	42.971210	39.994339	36.800819	33.445049	
60.355644	60.690487	60.978004	61.197639	61.335869	61.385876	61.346268	61.219414	61.009834	60.722752	60.362915	59.933830	59.437172	58.872425	58.236694	57.524586	56.728180	55.837078	54.838570	53.717834	52.458408	51.042908	49.454006	47.675957	45.696587	43.509785	41.118370	38.536819	35.793259	32.929726	
59.976002	59.942539	59.882412	59.781898	59.631508	59.425941	59.163353	58.844448	58.471340	58.046604	57.572483	57.050217	56.479622	55.858841	55.184151	54.449890	53.648476	52.770500	51.804886	50.739212	49.560123	48.254021	46.807976	45.210888	43.455032	41.537865	39.463806	37.245903	34.906746	32.478275	
59.620941	59.241528	58.852261	58.445469	58.015720	57.559868	57.076630	56.566029	56.028774	55.465637	54.876919	54.262047	53.619324	52.945671	52.236664	51.486362	50.687489	49.831444	48.908550	47.908367	46.820042	45.632908	44.337219	42.925072	41.391495	39.735653	37.962025	36.081318	34.110851	32.074226	
59.282158	58.571808	57.866203	57.163231	56.461525	55.760387	55.059658	54.359329	53.659294	52.959023	52.257286	51.552002	50.840115	50.117496	49.378998	48.618416	47.828659	47.001820	46.129368	45.202435	44.212151	43.150116	42.008888	40.782681	39.468132	38.065018	36.576988	35.012035	33.382622	31.705339	
58.952522	57.919731	56.905315	55.912506	54.943977	54.001686	53.086838	52.199715	51.339695	50.505173	49.693584	48.901478	48.124504	47.357487	46.594551	45.829201	45.054405	44.262772	43.446720	42.598663	41.711323	40.778000	39.792984	38.751923	37.652332	36.493958	35.279175	34.013168	32.703964	31.362080	
58.625305	57.272469	55.951637	54.671478	53.438793	52.258293	51.132576	50.062271	49.046219	48.081753	47.164955	46.290928	45.453976	44.647842	43.865845	43.101074	42.346481	41.595051	40.839966	40.074711	39.293312	38.490479	37.661827	36.804077	35.915230	34.994694	34.043411	33.063843	32.059860	31.036568	
58.293678	56.616898	54.986794	53.417831	51.921097	50.504032	49.170506	47.921230	46.754272	45.665611	44.649719	43.700035	42.809361	41.970169	41.174866	40.416012	39.686432	38.979385	38.288681	37.608757	36.934792	36.262764	35.589485	34.912579	34.230450	33.542156	32.847229	32.145554	31.437120	30.721935	
57.950127	55.938652	53.990734	52.127319	50.364029	48.710869	47.172585	45.749435	44.438087	43.232655	42.125477	41.107971	40.171089	39.305832	38.503506	37.756012	37.055958	36.396778	35.772881	35.179596	34.613243	34.071079	33.551163	33.052155	32.573006	32.112640	31.669441	31.240906	30.823322	30.411709	
57.585785	55.220871	52.940212	50.772232	48.737335	46.847736	45.108265	43.517742	42.070488	40.757805	39.569244	38.493584	37.519539	36.636307	35.833916	35.103462	34.437233	33.828842	33.273239	32.766727	32.306870	31.892349	31.522730	31.198040	30.918270	30.682636	30.488846	30.332369	30.205910	30.099304	
57.189522	54.442650	51.806831	49.319389	47.005653	44.879189	42.943550	41.194527	39.622620	38.215088	36.957668	35.835789	34.835419	33.943626	33.148933	32.441509	31.813290	31.258030	30.771311	30.350483	29.994553	29.703964	29.480213	29.325310	29.240971	29.227560	29.282888	29.400982	29.571096	29.777470	
56.746628	53.576729	50.554363	47.727581	45.126335	42.763870	40.640038	38.745220	37.063934	35.577751	34.267349	33.113956	32.100250	31.210838	30.432552	29.754562	29.168419	28.668072	28.249804	27.912189	27.655945	27.483679	27.399454	27.408104	27.514174	27.720440	28.026117	28.424770	28.902573	29.437450	
56.236652	52.585911	49.134735	45.943985	43.046844	40.452801	38.154099	36.132076	34.362389	32.818768	31.475435	30.308548	29.296967	28.422596	27.670475	27.028755	26.488647	26.044342	25.692963	25.434471	25.271595	25.209593	25.255844	25.419090	25.708233	26.130365	26.688162	27.376583	28.179569	29.067938	
55.629677	51.417168	47.481922	43.899189	40.701305	37.887608	35.436302	33.314453	31.485088	29.911667	28.560497	27.401922	26.410662	25.565825	24.850700	24.252514	23.762228	23.374390	23.087044	22.901714	22.823387	22.860428	23.024321	23.329031	23.789761	24.420639	25.231113	26.220879	27.373842	28.653072	
54.879562	49.991550	45.502327	41.500198	38.006676	34.999107	32.431587	30.249781	28.399637	26.831886	25.503780	24.379448	23.429512	22.630495	21.964188	21.417137	20.980228	20.648476	20.420919	20.300699	20.295166	20.416113	20.679802	21.106745	21.720770	22.546692	23.605892	24.908833	26.444515	28.169071	
53.910561	48.186020	43.059547	38.621143	34.858849	31.707027	29.080908	26.895924	25.076504	23.558861	22.290869	21.230795	20.345787	19.610413	19.005527	18.517395	18.137087	17.860203	17.686768	17.621416	17.673744	17.858915	18.198261	18.719841	19.458433	20.454054	21.747505	23.370632	25.328960	27.577496	
52.588867	45.799595	39.950497	35.092049	31.130497	27.922676	25.325523	23.215485	21.492657	20.078842	18.913782	17.951450	17.156929	16.504025	15.973526	15.552024	15.231128	15.007109	14.880845	14.858120	14.950267	15.175194	15.558804	16.136776	16.956329	18.077181	19.569355	21.503452	23.925798	26.810995	
50.656052	42.488197	35.870186	30.689312	26.675209	23.557568	21.115690	19.182816	17.636671	16.388391	15.373323	14.544234	13.866549	13.315048	12.871680	12.524137	12.264961	12.091164	12.004214	12.010439	12.121899	12.357863	12.747086	13.331083	14.168671	15.341434	16.958405	19.153824	22.062326	25.740015	
47.556232	37.639980	30.369461	25.139940	21.346695	18.542706	16.425303	14.793925	13.515018	12.498237	11.681312	11.020593	10.485115	10.052860	9.708384	9.441343	9.245654	9.119095	9.063335	9.084402	9.193638	9.409451	9.760155	10.288635	11.059835	12.172606	13.777214	16.096416	19.432091	24.086349	
41.936241	30.156685	22.841536	18.171009	15.048273	12.862993	11.272699	10.078152	9.158291	8.436412	7.862093	7.401194	7.030118	6.732414	6.496723	6.315547	6.184561	6.102304	6.070228	6.093081	6.179799	6.345084	6.612205	7.017928	7.621513	8.521585	9.888624	12.027264	15.485559	21.173199	
30.037479	18.217098	12.679652	9.667286	7.827565	6.605389	5.743147	5.107945	4.625045	4.249444	3.952560	3.715512	3.525469	3.373601	3.253874	3.162338	3.096744	3.056372	3.042057	3.056430	3.104436	3.194308	3.339338	3.561219	3.896667	4.411619	5.234490	6.642545	9.311817	15.121120	
