Las teperaturas son: 
79.829895	87.566879	91.117294	92.986542	94.076294	94.756531	95.198906	95.491638	95.684120	95.805664	95.874435	95.901917	95.895172	95.858276	95.792999	95.699036	95.574242	95.414330	95.212532	94.958694	94.637978	94.228386	93.696609	92.990028	92.021385	90.635498	88.531601	85.061905	78.648300	64.906342	
71.753143	79.320496	83.915703	86.752251	88.561478	89.750198	90.546432	91.082367	91.437798	91.662560	91.788544	91.836266	91.818642	91.743088	91.612717	91.426956	91.181610	90.868607	90.475166	89.982422	89.363037	88.577301	87.566376	86.240639	84.458672	81.987747	78.427940	73.066788	64.624176	50.976471	
67.863754	74.048019	78.474625	81.547241	83.669235	85.138489	86.156395	86.855743	87.324295	87.620361	87.782959	87.837952	87.801926	87.684448	87.489471	87.215965	86.858017	86.404526	85.838120	85.133591	84.255127	83.151917	81.751266	79.947647	77.584892	74.428665	70.125290	64.152657	55.804539	44.374622	
65.656631	70.536514	74.391426	77.297195	79.434418	80.983231	82.090225	82.865540	83.388985	83.717422	83.890793	83.936462	83.872360	83.708870	83.450104	83.094467	82.634750	82.057762	81.343246	80.462402	79.375214	78.026733	76.341499	74.215591	71.505997	68.017632	63.492332	57.613960	50.066200	40.716560	
64.230209	68.054932	71.263229	73.822388	75.795433	77.277802	78.364349	79.136192	79.658005	79.979111	80.135941	80.154404	80.051720	79.837929	79.516685	79.085770	78.537079	77.856262	77.021889	76.004059	74.762405	73.243423	71.376740	69.070824	66.208679	62.645508	58.213623	52.745071	46.129417	38.424358	
63.214371	66.196320	68.792053	70.942780	72.657227	73.979294	74.964996	75.669380	76.140686	76.418365	76.532974	76.506989	76.355629	76.087624	75.705780	75.207199	74.583282	73.819397	72.894257	71.778900	70.435425	68.815300	66.857613	64.487595	61.616589	58.145184	53.973587	49.024185	43.281845	36.850250	
62.437241	64.732101	66.775757	68.510880	69.924217	71.031197	71.861992	72.451553	72.833626	73.037735	73.087952	73.002396	72.793518	72.468231	72.028229	71.469986	70.784721	69.958176	68.970192	67.794144	66.396164	64.734528	62.759254	60.412460	57.630531	54.349247	50.514130	46.097610	41.123516	35.693451	
61.809872	63.528820	65.079758	66.414536	67.513016	68.376236	69.018478	69.460510	69.724640	69.831802	69.799767	69.642334	69.368896	68.984383	68.489250	67.879379	67.146118	66.276016	65.250656	64.046417	62.634193	60.979504	59.042870	56.781235	54.150867	51.112484	47.639656	43.730457	39.421318	34.798565	
61.281929	62.504734	63.613579	64.570465	65.355072	65.962051	66.396561	66.669960	66.796204	66.789330	66.661743	66.423187	66.080170	65.635635	65.088852	64.435242	63.666389	62.769917	61.729424	60.524494	59.130852	57.520752	55.663910	53.529228	51.087662	48.316574	45.205902	41.765583	38.033047	34.077892	
60.822620	61.607197	62.314865	62.916737	63.395206	63.742836	63.960014	64.052261	64.027740	63.895260	63.662903	63.336960	62.921333	62.417160	61.822613	61.132774	60.339554	59.431709	58.394890	57.211800	55.862545	54.325249	52.577133	50.596199	48.363747	45.867699	43.106903	40.095726	36.867920	33.478249	
60.411827	60.800514	61.139061	61.406502	61.588913	61.679115	61.675434	61.580013	61.397194	61.132027	60.789207	60.372223	59.882748	59.320358	58.682274	57.963264	57.155636	56.249237	55.231613	54.088287	52.803143	51.359127	49.739311	47.928352	45.914482	43.692001	41.264114	38.645729	35.865334	32.965378	
60.035526	60.059113	60.053066	60.003212	59.899639	59.736671	59.512184	59.226601	58.881847	58.480370	58.024300	57.514862	56.951897	56.333641	55.656479	54.914921	54.101624	53.207439	52.221573	51.131958	49.925598	48.589298	47.110477	45.478493	43.686077	41.731071	39.618351	37.361382	34.983177	32.516083	
59.683250	59.363575	59.030960	58.677212	58.296509	57.885281	57.441944	56.966255	56.458717	55.919952	55.350159	54.748749	54.114029	53.443054	52.731468	51.973549	51.162231	50.289215	49.345131	48.319885	47.202995	45.984215	44.654198	43.205498	41.633598	39.938118	38.123981	36.202332	34.190945	32.113846	
59.346684	58.698177	58.051239	57.403214	56.752300	56.097408	55.438015	54.773869	54.104630	53.429607	52.747501	52.056187	51.352627	50.632778	49.891624	49.123180	48.320557	47.476143	46.581745	45.628857	44.609001	43.514175	42.337379	41.073303	39.719048	38.274849	36.744843	35.137459	33.465637	31.746410	
59.018623	58.049213	57.094894	56.158394	55.241913	54.347015	53.474556	52.624535	51.796089	50.987480	50.196030	49.418259	48.649837	47.885681	47.120064	46.346657	45.558689	44.749062	43.910530	43.035873	42.118221	41.151291	40.129826	39.049942	37.909634	36.709137	35.451302	34.141800	32.789104	31.404198	
58.692307	57.403728	56.143852	54.920799	53.740917	52.608494	51.525780	50.493114	49.509117	48.570953	47.674610	46.815140	45.986893	45.183681	44.398983	43.626057	42.858116	42.088455	41.310577	40.518356	39.706207	38.869286	38.003658	37.106525	36.176361	35.213081	34.218109	33.194386	32.146267	31.079315	
58.360905	56.748604	55.179668	53.668015	52.224281	50.855480	49.565136	48.353664	47.218895	46.156658	45.161324	44.226288	43.344376	42.508141	41.710159	40.943138	40.200180	39.474846	38.761269	38.054276	37.349449	36.643204	35.932804	35.216347	34.492729	33.761505	33.022705	32.276688	31.523916	30.764877	
58.016869	56.069412	54.182236	52.375729	50.665070	49.059853	47.564472	46.178886	44.899544	43.720375	42.633644	41.630711	40.702564	39.840275	39.035301	38.279724	37.566399	36.889076	36.242470	35.622299	35.025295	34.449142	33.892349	33.354042	32.833679	32.330654	31.843845	31.371241	30.909601	30.454390	
57.651299	55.349255	53.128246	51.016167	49.032982	47.190483	45.493164	43.939560	42.523766	41.236919	40.068466	39.007149	38.041710	37.161427	36.356453	35.618073	34.938828	34.312622	33.734734	33.201820	32.711845	32.263931	31.858074	31.494785	31.174507	30.896944	30.660290	30.460499	30.290730	30.141273	
57.253098	54.567242	51.989319	49.556141	47.292599	45.211891	43.317184	41.604019	40.062675	38.680244	37.442375	36.334454	35.342468	34.453552	33.656376	32.941280	32.300453	31.727913	31.219563	30.773109	30.387947	30.064928	29.805990	29.613588	29.489904	29.435768	29.449467	29.525473	29.653509	29.818241	
56.807541	53.696106	50.729221	47.954441	45.401321	43.082710	40.998123	39.137688	37.485722	36.023621	34.731979	33.591995	32.586349	31.699726	30.919083	30.233763	29.635553	29.118652	28.679657	28.317488	28.033224	27.829872	27.711908	27.684603	27.752941	27.920158	28.185905	28.544193	28.981628	29.476568	
56.294174	52.698662	49.299896	46.158287	43.306606	40.754005	38.492401	36.502895	34.760929	33.240089	31.914505	30.760303	29.756363	28.884651	28.130325	27.481705	26.930202	26.470276	26.099323	25.817631	25.628284	25.536903	25.551262	25.680529	25.934006	26.319221	26.839262	27.489513	28.254332	29.104929	
55.683125	51.521912	47.635372	44.098297	40.942673	38.167511	35.750710	33.659092	31.855511	30.303282	28.968636	27.821873	26.837732	25.995388	25.278236	24.673653	24.172800	23.770447	23.464912	23.258026	23.155094	23.164822	23.299068	23.572186	23.999756	24.596298	25.371662	26.325928	27.443394	28.687485	
54.928261	50.086983	45.642128	41.681618	38.226616	35.254166	32.718105	30.563860	28.737228	27.188816	25.875786	24.762238	23.818813	23.022089	22.353954	21.801094	21.354567	21.009592	20.765469	20.625599	20.597649	20.693699	20.930365	21.328501	21.912287	22.706903	23.734089	25.004654	26.507954	28.200460	
53.953850	48.270870	43.183853	38.782463	35.054436	31.933851	29.335716	27.175264	25.376774	23.876347	22.621784	21.571323	20.692125	19.958805	19.352310	18.859016	18.470165	18.181536	17.993374	17.910547	17.942936	18.105961	18.421261	18.917213	19.628901	20.596657	21.861614	23.455923	25.385429	27.605438	
52.626152	45.872673	40.057564	35.231007	31.298983	28.118082	25.545053	23.456163	21.751381	20.352409	19.198936	18.244907	17.455404	16.804283	16.272411	15.846476	15.518225	15.284095	15.145145	15.107370	15.182332	15.388178	15.751069	16.306942	17.103308	18.200142	19.667746	21.576998	23.974497	26.835091	
50.686768	42.548405	35.958412	30.803825	26.814058	23.718616	21.296633	19.381201	17.849937	16.613909	15.608401	14.786167	14.112628	13.562607	13.118119	12.766929	12.501698	12.319572	12.222172	12.215990	12.313282	12.533520	12.905658	13.471436	14.289894	15.442850	17.039558	19.214489	22.102493	25.759886	
47.579884	37.686333	30.437389	25.228115	21.453613	18.666723	16.564642	14.946705	13.679270	12.671928	11.862373	11.206939	10.674665	10.243561	9.898225	9.628387	9.428041	9.295068	9.231262	9.242777	9.341103	9.544798	9.882345	10.396789	11.153252	12.250757	13.839756	16.143169	19.463043	24.101664	
41.952370	30.188307	22.887878	18.231155	15.121214	12.947600	11.367764	10.182388	9.270359	8.554926	7.985642	7.528355	7.159472	6.862556	6.626284	6.443201	6.309040	6.222412	6.184846	6.201184	6.280457	6.437475	6.695616	7.091759	7.685284	8.574937	9.931318	12.059180	15.506693	21.183659	
30.045704	18.233225	12.703281	9.697962	7.864764	6.648540	5.791632	5.161110	4.682206	4.309894	4.015583	3.780379	3.591456	3.439993	3.319970	3.227464	3.160253	3.117652	3.100538	3.111588	3.155797	3.241451	3.381900	3.598893	3.929209	4.438844	5.256276	6.658832	9.322603	15.126458	
