Las teperaturas son: 
79.832497	87.571968	91.124771	92.996201	94.087997	94.770126	95.214142	95.508347	95.702042	95.824600	95.894165	95.922195	95.915794	95.879021	95.813622	95.719345	95.594009	95.433380	95.230698	94.975830	94.653908	94.243011	93.709793	93.001694	92.031456	90.643906	88.538338	85.066933	78.651619	64.907982	
71.758392	79.330803	83.930786	86.771805	88.585175	89.777679	90.577271	91.116135	91.474075	91.700867	91.828438	91.877281	91.860336	91.784996	91.654411	91.467995	91.221588	90.907120	90.511894	90.017036	89.395248	88.606857	87.593033	86.264221	84.479019	82.004745	78.441544	73.076950	64.630905	50.979801	
67.871704	74.063583	78.497437	81.576813	83.705040	85.179993	86.202965	86.906776	87.379074	87.678238	87.843239	87.899940	87.864914	87.747765	87.552437	87.277939	86.918411	86.462723	85.893608	85.185898	84.303795	83.196548	81.791550	79.983261	77.615646	74.454361	70.145844	64.168015	55.814705	44.379654	
65.667267	70.557343	74.421936	77.336754	79.482323	81.038750	82.152542	82.933792	83.462288	83.794876	83.971428	84.019394	83.956627	83.793571	83.534348	83.177406	82.715576	82.135658	81.417511	80.532379	79.440323	78.086464	76.395393	74.263275	71.547150	68.052025	63.519840	57.634514	50.079811	40.723293	
64.243500	68.080978	71.301353	73.871834	75.855301	77.347183	78.442223	79.221497	79.749619	80.075897	80.236748	80.258049	80.157043	79.943802	79.621994	79.189438	78.638077	77.953613	77.114716	76.091537	74.843819	73.318100	71.444107	69.130417	66.260109	62.688507	58.248024	52.770775	46.146420	38.432770	
63.230259	66.227470	68.837631	71.001892	72.728813	74.062233	75.058060	75.771347	76.250237	76.534096	76.653488	76.630905	76.481552	76.214218	75.831688	75.331139	74.704033	73.935806	73.005249	71.883499	70.532745	68.904579	66.938156	64.558853	61.678085	58.196606	54.014725	49.054928	43.302189	36.860310	
62.455631	64.768143	66.828522	68.579315	70.007103	71.127243	71.969780	72.569611	72.960434	73.171738	73.227478	73.145874	72.939316	72.614799	72.174019	71.613487	70.924522	70.092964	69.098717	67.915268	66.508865	64.837906	62.852520	60.494968	57.701744	54.408806	50.561768	46.133202	41.147076	35.705109	
61.830658	63.569527	65.139359	66.491844	67.606659	68.484749	69.140289	69.593910	69.867920	69.983170	69.957413	69.804436	69.533630	69.149979	68.653954	68.041519	67.304085	66.428307	65.395889	64.183281	62.761543	61.096313	59.148262	56.874474	54.231358	51.179787	47.693489	43.770679	39.447929	34.811729	
61.304947	62.549820	63.679600	64.656082	65.458786	66.082237	66.531448	66.817703	66.954895	66.956993	66.836365	66.602753	66.262665	65.819092	65.271317	64.614868	63.841408	62.938644	61.890320	60.676144	59.271957	57.650177	55.780685	53.632530	51.176842	48.391151	45.265545	41.810150	38.062538	34.092476	
60.847702	61.656319	62.386772	63.009995	63.508186	63.873760	64.106964	64.213226	64.200623	64.077927	63.853168	63.532600	63.120159	62.617023	62.021423	61.328491	60.530258	59.615566	58.570213	57.377045	56.016308	54.466286	52.704388	50.708778	48.460922	45.948956	43.171894	40.144279	36.900051	33.494141	
60.438751	60.853256	61.216278	61.506630	61.710220	61.819687	61.833229	61.752876	61.582863	61.328197	60.993538	60.582325	60.096283	59.535011	58.895794	58.173477	57.360458	56.446720	55.419937	54.265778	52.968300	51.510628	49.875999	48.049271	46.018860	43.779282	41.333931	38.697891	35.899864	32.982460	
60.064056	60.115009	60.134911	60.109344	60.028225	59.885689	59.679462	59.409847	59.078690	58.688347	58.240929	57.737629	57.178307	56.561234	55.882866	55.137810	54.318802	53.416832	52.421272	51.320175	50.100735	48.749939	47.255440	45.606743	43.796776	41.823639	39.692390	37.416698	35.019798	32.534187	
59.713142	59.422134	59.116680	58.788395	58.431210	58.041389	57.617191	57.158241	56.664955	56.137863	55.577133	54.982162	54.351265	53.681530	52.968689	52.207104	51.389816	50.508644	49.554401	48.517120	47.386536	46.152576	44.806114	43.339897	41.749626	40.035141	38.201580	36.260323	34.229336	32.132835	
59.377655	58.758846	58.140045	57.518394	56.891853	56.259140	55.619583	54.972778	54.318314	53.655396	52.982697	52.298058	51.598469	50.879929	50.137486	49.365231	48.556431	47.703583	46.798645	45.833298	44.799252	43.688690	42.494854	41.212616	39.839317	38.375427	36.825291	35.197575	33.505432	31.766098	
59.050365	58.111385	57.185928	56.276463	55.384972	54.512821	53.660690	52.828468	52.015160	51.218964	50.437172	49.666260	48.901917	48.139107	47.372169	46.594883	45.800583	44.982311	44.132973	43.245544	42.313335	41.330280	40.291328	39.192833	38.033005	36.812305	35.533821	34.203461	32.829922	31.424393	
58.724510	57.466808	56.236195	55.040577	53.886044	52.776699	51.714630	50.700027	49.731392	48.805832	47.919296	47.066795	46.242695	45.440868	44.654835	43.877983	43.103622	42.325191	41.536350	40.731171	39.904251	39.050968	38.167610	37.251572	36.301598	35.317810	34.301888	33.256996	32.187710	31.099819	
58.393227	56.811920	55.272373	53.788269	52.369995	51.024368	49.754761	48.561432	47.442101	46.392536	45.407055	44.479038	43.601295	42.766457	41.967136	41.196178	40.446774	39.712631	38.988064	38.268063	37.548412	36.825729	36.097504	35.362080	34.618561	33.866737	33.106888	32.339600	31.565556	30.785479	
58.048969	56.132301	54.274326	52.495197	50.809830	49.227646	47.752876	46.385323	45.121326	43.954750	42.877815	41.881859	40.957870	40.096977	39.290695	38.531208	37.811493	37.125427	36.467896	35.834801	35.223072	34.630589	34.056076	33.498909	32.958763	32.435268	31.927540	31.433786	30.951000	30.474871	
57.682842	55.411041	53.218735	51.133553	49.175213	47.355358	45.678303	44.142426	42.741714	41.467255	40.308437	39.253979	38.292648	37.413738	36.607483	35.865280	35.179756	34.544968	33.956352	33.410740	32.906292	32.442318	32.019051	31.637218	31.297489	30.999800	30.742580	30.521996	30.331436	30.161407	
57.283722	54.627247	52.077187	49.670128	47.430725	45.372002	43.496975	41.801041	40.274357	38.903976	37.675468	36.574223	35.586220	34.698662	33.900253	33.181446	32.534523	31.953655	31.434887	30.976107	30.576883	30.238270	29.962418	29.752007	29.609421	29.535728	29.529434	29.585236	29.693069	29.837812	
56.836899	53.753632	50.813446	48.063713	45.533745	43.236221	41.170509	39.326603	37.688713	36.238167	34.955521	33.821945	32.820129	31.934811	31.152996	30.464119	29.860075	29.335186	28.886211	28.512220	28.214474	27.996170	27.861988	27.817402	27.867615	28.016075	28.262634	28.601540	29.019592	29.495350	
56.321922	52.753014	49.379501	46.261551	43.431763	40.899101	38.655350	36.681465	34.952816	33.442913	32.125839	30.977703	29.977394	29.106926	28.351503	27.699524	27.142513	26.675041	26.294647	26.001783	25.799698	25.694180	25.693207	25.806131	26.042467	26.409939	26.911839	27.543755	28.290241	29.122696	
55.708916	51.572449	47.709373	44.194305	41.059040	38.302414	35.902206	33.825127	32.033928	30.491879	29.165157	28.024044	27.043293	26.202114	25.483946	24.876251	24.370274	23.960911	23.646610	23.429340	23.314556	23.311142	23.431122	23.689037	24.100658	24.680695	25.439188	26.376398	27.476803	28.704016	
54.951759	50.133034	45.709583	41.769138	38.332695	35.377151	32.856224	30.715242	28.899918	27.360779	26.054981	24.946598	24.006269	23.210608	22.541557	21.985861	21.534672	21.183315	20.931198	20.781858	20.743103	20.827168	21.050823	21.435101	22.004335	22.783897	23.795685	25.050692	26.538433	28.215544	
53.974762	48.311844	43.243866	38.860321	35.148804	32.043282	29.458611	27.309963	25.521538	24.029375	22.781250	21.735390	20.858952	20.126589	19.519281	19.023472	18.630482	18.336174	18.140896	18.049644	18.072414	18.224777	18.528500	19.012112	19.710850	20.665203	21.916451	23.496910	25.412565	27.618866	
52.644173	45.907986	40.109283	35.298115	31.380323	28.212395	25.650980	23.572273	21.876165	20.484325	19.336411	18.386347	17.599232	16.948936	16.416372	15.988272	15.656452	15.417430	15.272352	15.227314	15.293985	15.490636	15.843544	16.388784	17.173983	18.259256	19.715042	21.612349	23.997900	26.846676	
50.701630	42.577518	36.001049	30.859150	26.881124	23.796377	21.383974	19.476934	17.952835	16.722687	15.721767	14.902807	14.231244	13.681911	13.236853	12.883881	12.615709	12.429552	12.327100	12.314930	12.405388	12.618042	12.981948	13.538952	14.348202	15.491625	17.078581	19.243654	22.121803	25.769447	
47.591324	37.708755	30.470230	25.270727	21.505268	18.726624	16.631927	15.020458	13.758541	12.755735	11.949718	11.296811	10.766060	10.335485	9.989714	9.718504	9.515897	9.379820	9.312124	9.319026	9.412086	9.609938	9.941141	10.448826	11.198193	12.288351	13.869836	16.165649	19.477928	24.109035	
41.960175	30.203598	22.910282	18.260235	15.156467	12.988482	11.413684	10.232725	9.324464	8.612128	8.045258	7.589697	7.221855	6.925304	6.688734	6.504718	6.369015	6.280270	6.240048	6.253241	6.328920	6.481950	6.735759	7.127287	7.715969	8.600607	9.951857	12.074532	15.516854	21.188688	
30.049686	18.241024	12.714711	9.712793	7.882746	6.669394	5.815059	5.186791	4.709811	4.339079	4.046000	3.811677	3.623286	3.472010	3.351837	3.258855	3.190857	3.147177	3.128708	3.138153	3.180529	3.264148	3.402387	3.617026	3.944870	4.451945	5.266759	6.666669	9.327789	15.129023	
