Las teperaturas son: 
79.834244	87.575401	91.129776	93.002716	94.095886	94.779251	95.224373	95.519547	95.714081	95.837311	95.907417	95.935822	95.929634	95.892906	95.827431	95.732941	95.607269	95.446182	95.242889	94.987305	94.664597	94.252815	93.718628	93.009521	92.038208	90.649551	88.542847	85.070297	78.653839	64.909081	
71.761932	79.337708	83.940918	86.784935	88.601089	89.796104	90.597939	91.138779	91.498390	91.726562	91.855209	91.904816	91.888306	91.813095	91.682327	91.495483	91.248383	90.932976	90.536530	90.040237	89.416847	88.626648	87.610909	86.280029	84.492683	82.016167	78.450668	73.083771	64.635414	50.982033	
67.877029	74.074036	78.512726	81.596634	83.729065	85.207825	86.234192	86.940987	87.415833	87.717049	87.883659	87.941498	87.907143	87.790222	87.594666	87.319473	86.958878	86.501755	85.930832	85.220985	84.336426	83.226471	81.818558	80.007149	77.636276	74.471619	70.159637	64.178314	55.821518	44.383022	
65.674408	70.571327	74.442413	77.363297	79.514481	81.075989	82.194336	82.979568	83.511452	83.846802	84.025513	84.074997	84.013138	83.850380	83.590851	83.233017	82.769745	82.187889	81.467316	80.579330	79.484009	78.126526	76.431534	74.295227	71.574745	68.075104	63.538300	57.648308	50.088936	40.727806	
64.252426	68.098450	71.326950	73.904999	75.895493	77.393753	78.494476	79.278732	79.811081	80.140839	80.304359	80.327560	80.227692	80.014793	79.692604	79.258949	78.705795	78.018906	77.176971	76.150223	74.898407	73.368179	71.489288	69.170380	66.294617	62.717354	58.271103	52.788017	46.157833	38.438419	
63.240932	66.248352	68.868210	71.041534	72.776848	74.117897	75.120544	75.839767	76.323700	76.611710	76.734322	76.714020	76.566017	76.299103	75.916115	75.414246	74.784996	74.013855	73.079681	71.953659	70.598030	68.964462	66.992188	64.606644	61.719345	58.231094	54.042301	49.075531	43.315826	36.867058	
62.467995	64.792343	66.863907	68.625214	70.062714	71.191666	72.042099	72.648827	73.045517	73.261612	73.321091	73.242111	73.037117	72.713104	72.271790	71.709740	71.018295	70.183357	69.184921	67.996506	66.584457	64.907242	62.915085	60.550312	57.749527	54.448753	50.593719	46.157078	41.162876	35.712921	
61.844620	63.596863	65.179352	66.543701	67.669487	68.557526	69.221970	69.683395	69.964027	70.084717	70.063179	69.913170	69.644150	69.261078	68.764427	68.150299	67.410072	66.530487	65.493301	64.275093	62.846973	61.174679	59.218960	56.937019	54.285343	51.224937	47.729599	43.797665	39.465786	34.820564	
61.320404	62.580090	63.723896	64.713516	65.528389	66.162872	66.621948	66.916840	67.061371	67.069489	66.953537	66.723228	66.385094	65.942154	65.393723	64.735374	63.958820	63.051849	61.998268	60.777863	59.366611	57.737007	55.859024	53.701828	51.236656	48.441166	45.305561	41.840046	38.082329	34.102264	
60.864536	61.689289	62.435036	63.072578	63.584003	63.961609	64.205574	64.321243	64.316650	64.200508	63.980827	63.663872	63.253571	62.751122	62.154812	61.459808	60.658195	59.738922	58.687843	57.487904	56.119461	54.560905	52.789764	50.784309	48.526123	46.003479	43.215508	40.176872	36.921623	33.504807	
60.456833	60.888657	61.268105	61.573837	61.791634	61.914036	61.939133	61.868885	61.707474	61.459843	61.130646	60.723309	60.239571	59.679054	59.039070	58.314529	57.497894	56.579216	55.546288	54.384869	53.079109	51.612270	49.967720	48.130413	46.088909	43.837860	41.380791	38.732899	35.923035	32.993919	
60.083225	60.152542	60.189850	60.180595	60.114548	59.985722	59.791748	59.532848	59.210808	58.827934	58.386314	57.887123	57.330250	56.713982	56.034805	55.287395	54.464554	53.557354	52.555260	51.446472	50.218266	48.857746	47.352699	45.692787	43.871067	41.885769	39.742088	37.453842	35.044373	32.546352	
59.733223	59.461456	59.174244	58.863045	58.521645	58.146198	57.734848	57.287125	56.803394	56.284126	55.729477	55.138821	54.510498	53.841606	53.127918	52.363876	51.542572	50.655930	49.694843	48.649502	47.509727	46.265572	44.908073	43.430092	41.827496	40.100258	38.253677	36.299248	34.255089	32.145576	
59.398453	58.799583	58.199696	57.595757	56.985565	56.367744	55.741508	55.106358	54.461792	53.806999	53.140594	52.460434	51.763500	51.045830	50.302528	49.527737	48.714767	47.856247	46.944241	45.970524	44.926945	43.805832	42.600548	41.306129	39.920052	38.442940	36.879295	35.237930	33.532143	31.779310	
59.071686	58.153156	57.247086	56.355762	55.481052	54.624180	53.785713	52.965424	52.162296	51.374420	50.599106	49.832783	49.071163	48.309250	47.541428	46.761528	45.962963	45.138885	44.282303	43.386303	42.444317	41.450439	40.399750	39.288757	38.115818	36.881554	35.589222	34.244858	32.857315	31.437943	
58.746147	57.509186	56.298241	55.121040	53.983543	52.889698	51.841492	50.839012	49.880707	48.963612	48.083649	47.235813	46.414482	45.613564	44.826630	44.047127	43.268456	42.484135	41.687939	40.874062	40.037231	39.172958	38.277676	37.348957	36.385666	35.388123	34.358131	33.299026	32.215530	31.113579	
58.414940	56.854473	55.334682	53.869076	52.467907	51.137856	49.882172	48.701019	47.592072	46.551018	45.572136	44.648796	43.773853	42.939941	42.139729	41.366108	40.612377	39.872326	39.140358	38.411621	37.682011	36.948288	36.208103	35.459923	34.703041	33.937386	33.163403	32.381828	31.593517	30.799305	
58.070545	56.174576	54.336220	52.575478	50.907127	49.340416	47.879482	46.524040	45.270370	44.112251	43.041882	42.050598	41.129395	40.269417	39.462250	38.700127	37.976105	37.284168	36.619301	35.977520	35.355885	34.752426	34.166023	33.596188	33.042751	32.505508	31.983723	31.475777	30.978798	30.488625	
57.704056	55.452595	53.279556	51.212448	49.270832	47.466194	45.802742	44.278778	42.888214	41.622066	40.469715	39.419861	38.461266	37.583267	36.776154	36.031349	35.341602	34.701042	34.105217	33.551064	33.036880	32.562130	32.127174	31.732880	31.380087	31.068878	30.797840	30.563290	30.358772	30.174934	
57.304321	54.667595	52.136269	49.746765	47.523613	45.479668	43.617867	41.933502	40.416683	39.054375	37.832161	36.735386	35.750061	34.863396	34.064140	33.342827	32.691795	32.105324	31.579554	31.112476	30.703802	30.354708	30.067492	29.844975	29.689701	29.602873	29.583147	29.625378	29.719646	29.850958	
56.856640	53.792313	50.870110	48.137215	45.622829	43.339478	41.286453	39.453651	37.825218	36.382439	35.105820	33.976540	32.977295	32.092838	31.310226	30.618948	30.010963	29.480707	29.025009	28.643068	28.336258	28.107899	27.962814	27.906616	27.944649	28.080502	28.314180	28.640060	29.045094	29.507969	
56.340584	52.789593	49.433067	46.331039	43.515984	40.996727	38.764977	36.801598	35.081890	33.579315	32.267952	31.123886	30.126017	29.256367	28.500191	27.845947	27.285225	26.812672	26.425928	26.125546	25.914883	25.799862	25.788578	25.890522	26.115334	26.470886	26.960602	27.580198	28.314369	29.134632	
55.726280	51.606461	47.759182	44.258919	41.137352	38.393204	36.004158	33.936852	32.153976	30.618755	29.297344	28.160019	27.181538	26.341122	25.622261	25.012461	24.503036	24.088951	23.768749	23.544483	23.421722	23.409472	23.519859	23.767563	24.168468	24.737411	25.484560	26.410309	27.499250	28.715118	
54.967590	50.164043	45.755001	41.828053	38.404106	35.459934	32.949188	30.817125	29.009392	27.476492	26.175549	25.070621	24.132362	23.337406	22.667725	22.110111	21.655775	21.300112	21.042612	20.886900	20.840866	20.916868	21.131777	21.506737	22.066204	22.835640	23.837078	25.081631	26.558914	28.225674	
53.988846	48.339439	43.284271	38.912750	35.212353	32.116951	29.541351	27.400637	25.618971	24.132364	22.888557	21.845783	20.971193	20.239458	19.631592	19.134083	18.738291	18.440151	18.240086	18.143158	18.159462	18.304642	18.600582	19.075899	19.765934	20.711277	21.953318	23.524464	25.430805	27.627888	
52.656315	45.931770	40.144119	35.343311	31.435097	28.275906	25.722305	23.650438	21.960165	20.573116	19.428928	18.481527	17.696009	17.046263	16.513218	16.083652	15.749427	15.507099	15.357892	15.307964	15.369057	15.559517	15.905713	16.443796	17.221489	18.298994	19.746838	21.636112	24.013636	26.854456	
50.711632	42.597137	36.029778	30.896418	26.926294	23.848755	21.442795	19.541403	18.022114	16.795918	15.798073	14.981314	14.311068	13.762189	13.316738	12.962561	12.692406	12.503528	12.397668	12.381465	12.467321	12.674871	13.033237	13.584341	14.387400	15.524413	17.104818	19.263266	22.134785	25.775867	
47.599030	37.723866	30.492365	25.299442	21.540073	18.766977	16.677246	15.070131	13.811923	12.812164	12.008518	11.357306	10.827574	10.397352	10.051281	9.779142	9.575006	9.436836	9.366518	9.370310	9.459824	9.653742	9.980677	10.483812	11.228405	12.313625	13.890057	16.180763	19.487936	24.113983	
41.965443	30.213915	22.925388	18.279835	15.180220	13.016023	11.444616	10.266631	9.360903	8.650648	8.085400	7.630996	7.263849	6.967539	6.730767	6.546117	6.409371	6.319197	6.277186	6.288255	6.361514	6.511860	6.762755	7.151177	7.736599	8.617861	9.965664	12.084852	15.523688	21.192072	
30.052368	18.246286	12.722421	9.722795	7.894867	6.683447	5.830842	5.204092	4.728403	4.358734	4.066483	3.832752	3.644716	3.493563	3.373286	3.279983	3.211453	3.167043	3.147661	3.156023	3.197164	3.279413	3.416166	3.629220	3.955400	4.460753	5.273807	6.671937	9.331278	15.130749	
