Las teperaturas son: 
79.835320	87.577499	91.132858	93.006714	94.100723	94.784859	95.230682	95.526451	95.721497	95.845146	95.915565	95.944183	95.938126	95.901474	95.835945	95.741318	95.615425	95.454025	95.250366	94.994370	94.671173	94.258850	93.724068	93.014328	92.042358	90.653015	88.545624	85.072380	78.655228	64.909767	
71.764114	79.341972	83.947144	86.793030	88.610870	89.807449	90.610672	91.152725	91.513367	91.742386	91.871674	91.921738	91.905487	91.830368	91.699524	91.512421	91.264877	90.948868	90.551682	90.054527	89.430145	88.638840	87.621902	86.289764	84.501068	82.023186	78.456284	73.087967	64.638199	50.983414	
67.880333	74.080475	78.522141	81.608856	83.743835	85.224960	86.253433	86.962044	87.438446	87.740952	87.908554	87.967087	87.933151	87.816330	87.620644	87.345078	86.983810	86.525795	85.953735	85.242569	84.356499	83.244888	81.835175	80.021873	77.648979	74.482239	70.168137	64.184662	55.825714	44.385098	
65.678818	70.579948	74.455017	77.379639	79.534248	81.098900	82.220055	83.007751	83.541718	83.878784	84.058823	84.109238	84.047943	83.885353	83.625618	83.267242	82.803093	82.220039	81.497986	80.608215	79.510880	78.151184	76.453766	74.314926	71.591751	68.089325	63.549667	57.656799	50.094551	40.730583	
64.257919	68.109222	71.342697	73.925423	75.920212	77.422394	78.526627	79.313950	79.848907	80.180786	80.345963	80.370346	80.271172	80.058517	79.736084	79.301720	78.747482	78.059113	77.215309	76.186325	74.932022	73.399002	71.517090	69.194984	66.315872	62.735126	58.285309	52.798634	46.164856	38.441891	
63.247490	66.261223	68.887047	71.065948	72.806412	74.152145	75.158997	75.881874	76.368927	76.659477	76.784073	76.765182	76.618011	76.351364	75.968094	75.465408	74.834839	74.061920	73.125519	71.996841	70.638214	69.001312	67.025436	64.636063	61.744736	58.252335	54.059296	49.088223	43.324234	36.871216	
62.475586	64.807236	66.885727	68.653481	70.096954	71.231339	72.086639	72.697609	73.097900	73.316933	73.378700	73.301361	73.097321	72.773636	72.331985	71.768982	71.076027	70.239014	69.237999	68.046532	66.630997	64.949928	62.953590	60.584373	57.778938	54.473343	50.613388	46.171776	41.172600	35.717735	
61.853203	63.613682	65.203995	66.575638	67.708160	68.602356	69.272293	69.738510	70.023216	70.147232	70.128296	69.980133	69.712189	69.329468	68.832474	68.217247	67.475296	66.593369	65.553284	64.331619	62.899567	61.222923	59.262489	56.975525	54.318588	51.252731	47.751835	43.814278	39.476784	34.826004	
61.329922	62.598732	63.751186	64.748901	65.571220	66.212524	66.677689	66.977890	67.126945	67.138763	67.025673	66.797409	66.460495	66.017937	65.469101	64.809570	64.031105	63.121536	62.064713	60.840496	59.424881	57.790451	55.907242	53.744499	51.273499	48.471970	45.330196	41.858456	38.094513	34.108292	
60.874908	61.709595	62.464760	63.111118	63.630692	64.015701	64.266296	64.387756	64.388092	64.275993	64.059448	63.744705	63.335728	62.833714	62.236942	61.540665	60.736969	59.814877	58.760269	57.556164	56.182972	54.619164	52.842316	50.830807	48.566265	46.037041	43.242348	40.196934	36.934906	33.511379	
60.467968	60.910458	61.300022	61.615227	61.841774	61.972145	62.004356	61.940323	61.784203	61.540928	61.215092	60.810150	60.327820	59.767754	59.127293	58.401379	57.582520	56.660816	55.624107	54.458206	53.147346	51.674866	50.024197	48.180374	46.132042	43.873917	41.409622	38.754452	35.937294	33.000977	
60.095024	60.175659	60.223690	60.224476	60.167706	60.047321	59.860901	59.608604	59.292168	58.913902	58.475853	57.979202	57.423836	56.808044	56.128365	55.379501	54.554306	53.643887	52.637787	51.524239	50.290634	48.924133	47.412594	45.745773	43.916813	41.924019	39.772678	37.476700	35.059505	32.553833	
59.745590	59.485680	59.209709	58.909023	58.577354	58.210754	57.807312	57.366512	56.888664	56.374222	55.823318	55.235321	54.608574	53.940197	53.225990	52.460415	51.636639	50.746620	49.781342	48.731018	47.585579	46.335148	44.970848	43.485634	41.875446	40.140358	38.285751	36.323215	34.270958	32.153419	
59.411270	58.824677	58.236446	57.643410	57.043312	56.434658	55.816612	55.188637	54.550175	53.900383	53.237854	52.560455	51.865158	51.148033	50.404182	49.627808	48.812283	47.950264	47.033897	46.055038	45.005585	43.877968	42.665630	41.363708	39.969757	38.484512	36.912544	35.262772	33.548592	31.787451	
59.084824	58.178886	57.284767	56.404629	55.540260	54.692787	53.862732	53.049805	52.252934	51.470188	50.698849	49.935364	49.175430	48.414078	47.645699	46.864174	46.062992	45.235336	44.374275	43.472992	42.524990	41.524437	40.466515	39.347824	38.166813	36.924210	35.623341	34.270348	32.874191	31.446293	
58.759476	57.535301	56.336479	55.170631	54.043625	52.959328	51.919670	50.924660	49.972702	49.060818	48.184891	47.339928	46.520317	45.719963	44.932480	44.151329	43.369999	42.582050	41.781326	40.962067	40.119125	39.248085	38.345463	37.408936	36.437454	35.431435	34.392773	33.324905	32.232666	31.122063	
58.428341	56.880707	55.373085	53.918888	52.528252	51.207802	49.960690	48.787048	47.684486	46.648666	45.673843	44.753395	43.880184	43.046837	42.246059	41.470802	40.714397	39.970703	39.234192	38.500053	37.764309	37.023785	36.276218	35.520195	34.755081	33.980904	33.198215	32.407845	31.610731	30.807827	
58.083862	56.200645	54.374401	52.624985	50.967102	49.409939	47.957527	46.609543	45.362225	44.209312	43.142990	42.154579	41.235092	40.375687	39.567963	38.804214	38.077538	37.381973	36.712582	36.065445	35.437710	34.827492	34.233765	33.656128	33.094505	32.548782	32.018345	31.501646	30.995918	30.497093	
57.717125	55.478203	53.317070	51.261105	49.329788	47.534527	45.879463	44.362831	42.978516	41.717491	40.569122	39.522095	38.565178	37.687744	36.880089	36.133690	35.441345	34.797218	34.196941	33.637527	33.117348	32.635948	32.193790	31.791824	31.430983	31.111443	30.831890	30.588737	30.375614	30.183268	
57.317017	54.692474	52.172707	49.794022	47.580879	45.546051	43.692394	42.015167	40.504417	39.147095	37.928741	36.834721	35.851032	34.964920	34.165146	33.442276	32.788719	32.198792	31.668697	31.196510	30.782009	30.426460	30.132244	29.902269	29.739166	29.644241	29.616241	29.650108	29.736012	29.859055	
56.868824	53.816185	50.905060	48.182545	45.677757	43.403152	41.357948	39.531990	37.909386	36.471378	35.198471	34.071835	33.074173	32.190243	31.407129	30.714367	30.103960	29.570389	29.110548	28.723701	28.411297	28.176746	28.024948	27.961597	27.992119	28.120197	28.345940	28.663794	29.060795	29.515736	
56.352108	52.812157	49.466110	46.373909	43.567917	41.056938	38.832588	36.875671	35.161476	33.663429	32.355583	31.214024	30.217644	29.348492	28.591846	27.936199	27.373186	26.897501	26.506840	26.201826	25.985874	25.864994	25.847351	25.942528	26.160242	26.508442	26.990648	27.602650	28.329227	29.141983	
55.736988	51.627449	47.789909	44.298790	41.185658	38.449207	36.067043	34.005756	32.228008	30.696997	29.378862	28.243870	27.266779	26.426832	25.707539	25.096436	24.584877	24.167881	23.844028	23.615454	23.487782	23.470074	23.574556	23.815954	24.210247	24.772358	25.512520	26.431200	27.513079	28.721962	
54.977356	50.183182	45.783016	41.864414	38.448166	35.511017	33.006546	30.879971	29.076916	27.547859	26.249897	25.147099	24.210117	23.415592	22.745518	22.186718	21.730440	21.372124	21.111298	20.951649	20.901138	20.972168	21.181683	21.550896	22.104326	22.867529	23.862593	25.100697	26.571537	28.231918	
53.997536	48.356476	43.309212	38.945107	35.251564	32.162407	29.592396	27.456577	25.679077	24.195889	22.954746	21.913860	21.040405	20.309057	19.700848	19.202282	18.804764	18.504263	18.301243	18.200815	18.213127	18.353882	18.645020	19.115219	19.799885	20.739674	21.976036	23.541439	25.442043	27.633446	
52.663803	45.946449	40.165619	35.371201	31.468906	28.315098	25.766315	23.698668	22.011992	20.627892	19.486004	18.540239	17.755699	17.106285	16.572945	16.142469	15.806755	15.562393	15.410637	15.357693	15.415343	15.601988	15.944041	16.477711	17.250774	18.323486	19.766436	21.650753	24.023321	26.859249	
50.717819	42.609241	36.047512	30.919424	26.954178	23.881077	21.479094	19.581184	18.064861	16.841101	15.845151	15.029743	14.360310	13.811707	13.366013	13.011088	12.739704	12.549145	12.441184	12.422491	12.505507	12.709908	13.064860	13.612325	14.411563	15.544623	17.120985	19.275349	22.142780	25.779823	
47.603806	37.733200	30.506027	25.317167	21.561560	18.791887	16.705219	15.100786	13.844866	12.846985	12.044801	11.394630	10.865523	10.435514	10.089256	9.816545	9.611462	9.471994	9.400056	9.401930	9.489258	9.680750	10.005051	10.505383	11.247033	12.329205	13.902519	16.190079	19.494099	24.117031	
41.968697	30.220287	22.934715	18.291935	15.194887	13.033028	11.463715	10.287560	9.383392	8.674419	8.110168	7.656477	7.289759	6.993596	6.756695	6.571653	6.434264	6.343204	6.300086	6.309847	6.381613	6.530302	6.779400	7.165907	7.749320	8.628502	9.974176	12.091217	15.527899	21.194155	
30.054028	18.249533	12.727175	9.728966	7.902349	6.692123	5.840587	5.214771	4.739880	4.370865	4.079123	3.845755	3.657937	3.506860	3.386518	3.293015	3.224157	3.179296	3.159350	3.167044	3.207423	3.288826	3.424662	3.636737	3.961892	4.466184	5.278152	6.675184	9.333427	15.131811	
