Las teperaturas son: 
79.590027	87.098114	90.432259	92.099319	93.002335	93.512527	93.802567	93.961670	94.039955	94.067352	94.062454	94.036934	93.997925	93.949326	93.892487	93.826553	93.748566	93.653275	93.532730	93.375435	93.165054	92.877945	92.479065	91.914024	91.093681	89.860947	87.913223	84.600815	78.343834	64.756126	
71.268082	78.372620	82.530472	84.958130	86.389679	87.234398	87.722450	87.987930	88.112167	88.146233	88.122864	88.063049	87.979790	87.880173	87.766586	87.637222	87.486343	87.303879	87.074661	86.777145	86.380959	85.843094	85.101196	84.061996	82.580261	80.419464	77.175865	72.133217	64.007736	50.672325	
67.132050	72.618111	76.384865	78.840485	80.392426	81.342339	81.894852	82.185623	82.304718	82.312363	82.248871	82.140846	82.005035	81.850510	81.680161	81.491180	81.275322	81.018456	80.699707	80.289749	79.748222	79.019325	78.025085	76.654381	74.745384	72.057892	68.232468	62.741302	54.872627	43.914833	
64.680908	68.629562	71.604233	73.686722	75.063110	75.918503	76.403885	76.633163	76.689346	76.631805	76.502243	76.329094	76.130539	75.916367	75.689301	75.445450	75.174492	74.859276	74.474846	73.986946	73.349487	72.500923	71.358627	69.811317	67.708267	64.846619	60.960472	55.726055	48.819592	40.101494	
63.017258	65.684036	67.797462	69.332268	70.358299	70.977219	71.289307	71.380463	71.319336	71.158417	70.936432	70.680641	70.408691	70.129921	69.846329	69.552925	69.237793	68.881729	68.457458	67.928345	67.246506	66.350113	65.159958	63.575272	61.469475	58.688049	55.053604	50.388603	44.573326	37.656555	
61.775185	63.382683	64.678329	65.612213	66.201187	66.496536	66.560760	66.454681	66.231300	65.933876	65.595779	65.241226	64.885956	64.538048	64.198410	63.860943	63.512615	63.133099	62.694233	62.159096	61.480820	60.601059	59.448387	57.937000	55.966774	53.426754	50.205521	46.214020	41.425987	35.934467	
60.786804	61.504761	62.056087	62.393776	62.513893	62.440372	62.210968	61.867233	61.448502	60.988815	60.515511	60.048847	59.602032	59.181366	58.786446	58.410233	58.038948	57.651905	57.221146	56.710907	56.077080	55.266685	54.217636	52.859325	51.114960	48.906960	46.167389	42.855457	38.982121	34.636654	
59.967003	59.924168	59.806908	59.578625	59.229698	58.770760	58.224625	57.619507	56.984100	56.344494	55.722309	55.133816	54.589436	54.093582	53.644539	53.234432	52.849129	52.468117	52.064346	51.604080	51.046795	50.345409	49.446907	48.293953	46.828003	44.994732	42.752571	40.084690	37.012978	33.609867	
59.268814	58.565823	57.849979	57.095993	56.295219	55.452843	54.583473	53.706753	52.843735	52.014244	51.235062	50.518837	49.873367	49.301254	48.799568	48.359833	47.967804	47.603519	47.241257	46.849636	46.391918	45.826626	45.108612	44.191109	43.028786	41.582436	39.825310	37.750885	35.380527	32.768448	
58.664368	57.382744	56.131233	54.894775	53.668388	52.456078	51.268524	50.120262	49.027218	48.004623	47.065430	46.219254	45.471630	44.823544	44.271095	43.805313	43.412132	43.072311	42.761642	42.451160	42.107651	41.694511	41.173019	40.504272	39.651966	38.586109	37.287491	35.752605	33.997795	32.061096	
58.135849	56.343792	54.612862	52.936859	51.315365	49.753464	48.260460	46.848209	45.529411	44.316090	43.218315	42.243317	41.394783	40.672359	40.071350	39.582542	39.192108	38.881699	38.628620	38.406158	38.184254	37.930317	37.610558	37.191704	36.643318	35.940598	35.067524	34.019905	32.807632	31.455267	
57.670864	55.426651	53.266605	51.192123	49.207535	47.320107	45.539307	43.875847	42.340565	40.943321	39.692120	38.592365	37.646252	36.852371	36.205444	35.696106	35.310917	35.032417	34.839371	34.707130	34.608288	34.513500	34.392654	34.216381	33.957855	33.594894	33.112144	32.503006	31.770866	30.929188	
57.259911	54.613846	52.069458	49.634827	47.318935	45.131710	43.083633	41.185226	39.446331	37.875435	36.479008	35.261040	34.222546	33.361282	32.671501	32.143826	31.765244	31.519176	31.385757	31.342175	31.363262	31.422255	31.491791	31.545137	31.557604	31.508060	31.380455	31.165100	30.859348	30.467541	
56.894859	53.890156	51.000854	48.241074	45.624237	43.163147	40.869736	38.754818	36.827751	35.096058	33.565041	32.237511	31.113503	30.190048	29.461033	28.917110	28.545712	28.331135	28.254768	28.295444	28.429920	28.633541	28.881050	29.147539	29.409523	29.646048	29.839754	29.977701	30.051834	30.058935	
56.568058	53.241066	50.040756	46.986893	44.097214	41.387383	38.870918	36.559128	34.461060	32.583405	30.930420	29.503815	28.302677	27.323341	26.559353	26.001396	25.637331	25.452301	25.428883	25.547421	25.786400	26.122978	26.533611	26.994759	27.483692	27.979237	28.462498	28.917461	29.331287	29.694366	
56.271645	52.651615	49.168259	45.846893	42.709484	39.774502	37.056927	34.568466	32.317753	30.310522	28.549862	27.036287	25.767830	24.740068	23.946127	23.376682	23.020004	22.862030	22.886505	23.075218	23.408295	23.864595	24.422132	25.058601	25.751869	26.480488	27.224148	27.964033	28.683105	29.366188	
55.997093	52.105507	48.360497	44.793144	41.429611	38.290985	35.393456	32.748726	30.364609	28.245533	26.393040	24.806152	23.481627	22.414082	21.596096	21.018265	20.669197	20.535614	20.602421	20.852873	21.268764	21.830688	22.518311	23.310631	24.186274	25.123730	26.101542	27.098505	28.093857	29.067438	
55.734772	51.584301	47.591660	43.794125	40.222141	36.899109	33.841850	31.061401	28.564030	26.352171	24.425249	22.780308	21.412441	20.315039	19.479952	18.897537	18.556709	18.444948	18.548361	18.851748	19.338709	19.991777	20.792498	21.721525	22.758625	23.882671	25.071548	26.302126	27.550308	28.791269	
55.473358	51.066475	46.831795	42.813583	39.046665	35.556244	32.358826	29.463663	26.874376	24.590408	22.608238	20.922258	19.525398	18.409470	17.565342	16.983002	16.651592	16.559359	16.693676	17.041044	17.587099	18.316620	19.213482	20.260523	21.439312	22.729805	24.109926	25.555183	27.038502	28.530451	
55.199127	50.526115	46.045235	41.809055	37.856709	34.214207	30.896229	27.908558	25.250557	22.917301	20.901218	19.193245	17.783550	16.661951	15.818073	15.241395	14.921211	14.846563	15.006191	15.388479	15.981400	16.772434	17.748375	18.895020	20.196669	21.635380	23.190117	24.835823	26.542814	28.276829	
54.894726	49.930820	45.188301	40.729717	36.598076	32.818340	29.400835	26.345362	23.644783	21.288019	19.262115	17.553596	16.149244	15.036472	14.203426	13.638937	13.332418	13.273739	13.453121	13.861053	14.488197	15.325251	16.362679	17.590252	18.996248	20.566303	22.281891	24.118603	26.044701	28.020596	
54.537117	49.238361	44.205616	39.513302	35.206764	31.306404	27.814173	24.720093	22.007572	19.657146	17.648972	15.964189	14.585606	13.497896	12.687550	12.142681	11.852817	11.808708	12.002178	12.426029	13.073963	13.940463	15.020517	16.309093	17.800121	19.484863	21.349566	23.372482	25.520882	27.749207	
54.093971	48.390999	43.024261	38.081451	33.606064	29.607418	26.072571	22.976460	20.289146	17.980316	16.021675	14.388149	13.058157	12.013479	11.238911	10.721878	10.452076	10.421194	10.622757	11.052036	11.706066	12.583627	13.685110	15.012075	16.566185	18.347191	20.349583	22.557774	24.940409	27.445515	
53.517021	47.305584	41.544441	36.333088	31.703062	27.640644	24.107870	21.057407	18.441456	16.216249	14.343909	12.792654	11.536482	10.554407	9.829723	9.349339	9.103230	9.084101	9.287207	9.710339	10.353992	11.221587	12.319652	13.657744	15.247679	17.101469	19.227125	21.621426	24.259640	27.084366	
52.728683	45.855473	39.624390	34.135288	29.384991	25.315674	21.849476	18.907951	16.420927	14.329391	12.585408	11.150873	9.995879	9.097253	8.437271	8.002663	7.783891	7.774736	7.972123	8.376234	8.990877	9.824087	10.888849	12.203773	13.793239	15.686124	17.911564	20.489431	23.413208	26.625988	
51.593685	43.836700	37.056602	31.312237	26.517315	22.535265	19.228888	16.479767	14.192549	12.293037	10.724489	9.443908	8.418915	7.625257	7.045017	6.665283	6.477292	6.475928	6.659616	7.030546	7.595303	8.365913	9.361341	10.609352	12.148442	14.028931	16.310966	19.054996	22.297108	26.001743	
49.852470	40.902916	33.532639	27.635715	22.947849	19.204090	16.188457	13.738336	11.735109	10.093127	8.750553	7.662590	6.796698	6.129287	5.643395	5.327193	5.173022	5.176895	5.338412	5.661112	6.153335	6.829701	7.713420	8.839677	10.260256	12.049158	14.307408	17.160992	20.736198	25.080854	
46.948357	36.440628	28.600807	22.829309	18.526009	15.247960	12.696035	10.672804	9.047454	7.732049	6.666434	5.808788	5.129687	4.608336	4.230162	3.985246	3.867409	3.873753	4.004624	4.264023	4.660557	5.209182	5.934084	6.873389	8.086742	9.667252	11.759120	14.578816	18.421864	23.584042	
41.527664	29.350510	21.652645	16.617752	13.152119	10.648108	8.765634	7.307538	6.154589	5.231678	4.489790	3.896005	3.427755	3.069413	2.810212	2.642978	2.563368	2.569514	2.662025	2.844349	3.123630	3.512298	4.030877	4.712966	5.614275	6.829572	8.525247	11.001694	14.802664	20.833561	
29.831545	17.810768	12.080435	8.884453	6.871939	5.489161	4.479696	3.711684	3.111291	2.634312	2.252865	1.948671	1.709419	1.526696	1.394768	1.309858	1.269730	1.273483	1.321556	1.415943	1.560716	1.762980	2.034667	2.395879	2.881551	3.555679	4.544611	6.123468	8.966097	14.949133	
