Las teperaturas son: 
79.617393	87.151482	90.510101	92.199997	93.124092	93.653549	93.960884	94.135239	94.226654	94.264992	94.268784	94.249664	94.214714	94.167816	94.110374	94.041580	93.958527	93.856049	93.726326	93.558014	93.334961	93.033722	92.619461	92.038033	91.200485	89.949989	87.984169	84.653603	78.378601	64.773224	
71.323463	78.480576	82.687958	85.161827	86.636063	87.519730	88.042786	88.339165	88.490028	88.546288	88.540558	88.493759	88.418808	88.322746	88.208031	88.072952	87.911865	87.714874	87.467163	87.147385	86.725563	86.159073	85.386002	84.313538	82.796921	80.600082	77.319801	72.240303	64.078278	50.707031	
67.215500	72.780762	76.622131	79.147385	80.763687	81.772339	82.377670	82.715111	82.874443	82.915680	82.878937	82.790695	82.667572	82.518631	82.346756	82.149292	81.918159	81.639542	81.292931	80.849472	80.269264	79.497177	78.455849	77.034874	75.073105	72.331123	68.450226	62.903320	54.979336	43.967331	
64.791809	68.845787	71.919647	74.094788	75.556824	76.490417	77.046211	77.337723	77.447647	77.435028	77.341339	77.194801	77.013428	76.806992	76.578186	76.323303	76.032257	75.688278	75.266891	74.734436	74.045532	73.139397	71.934303	70.319870	68.146362	65.211929	61.251656	55.942711	48.962303	40.171707	
63.154396	65.951447	68.187653	69.837173	70.969284	71.685165	72.084625	72.253098	72.258835	72.153908	71.976761	71.754349	71.504135	71.235397	70.950111	70.643448	70.303787	69.912369	69.442505	68.858299	68.112701	67.144913	65.876770	64.208664	62.015236	59.143219	55.416458	50.658638	44.751205	37.744080	
61.936684	63.697701	65.138107	66.207321	66.921555	67.331467	67.499054	67.484550	67.340508	67.109695	66.825089	66.510529	66.181564	65.846115	65.505096	65.152542	64.775757	64.354904	63.862514	63.262497	62.508995	61.544815	60.299820	58.689583	56.615433	53.967869	50.636990	46.535172	41.637585	36.038601	
60.970222	61.862644	62.578629	63.070343	63.333138	63.390289	63.278893	63.039894	62.712059	62.328892	61.917244	61.496975	61.080959	60.675331	60.279667	59.887032	59.484001	59.050430	58.559074	57.975143	57.255680	56.348999	55.194473	53.723083	51.859703	49.528435	46.663067	43.224503	39.225334	34.756371	
60.169346	60.319168	60.383881	60.325974	60.135048	59.820953	59.405823	58.917198	58.383106	57.829025	57.276039	56.739937	56.230743	55.752625	55.303795	54.876480	54.456890	54.025063	53.554733	53.013184	52.361160	51.553024	50.537369	49.258629	47.660110	45.689373	43.306808	40.497463	37.285088	33.743839	
59.486668	58.991318	58.471813	57.901855	57.271927	56.586380	55.859077	55.108917	54.356247	53.620213	52.916969	52.258606	51.652496	51.100880	50.600723	50.143585	49.715553	49.297211	48.863647	48.384579	47.824574	47.143703	46.298599	45.244392	43.937778	42.341621	40.431305	38.202377	35.678261	32.915089	
58.893990	57.831505	56.787437	55.745659	54.700214	53.654251	52.617630	51.604126	50.628899	49.706421	48.848969	48.065521	47.361107	46.736305	46.187004	45.704250	45.274216	44.878220	44.492859	44.090279	43.638641	43.102989	42.446415	41.632069	40.625816	39.399902	37.937397	36.237053	34.317398	32.218575	
58.373306	56.808186	55.292366	53.818489	52.385124	50.996437	49.660896	48.389549	47.194283	46.086323	45.075012	44.166893	43.365028	42.668602	42.072647	41.567863	41.140633	40.773098	40.443333	40.125771	39.791729	39.410301	38.949593	38.378471	37.668774	36.798050	35.752701	34.530926	33.144943	31.621546	
57.912174	55.898949	53.958149	52.089966	50.297665	48.587578	46.968307	45.449722	44.041840	42.753693	41.592518	40.562931	39.666466	38.901184	38.261402	37.737633	37.316555	36.981125	36.710854	36.482174	36.269073	36.043877	35.778435	35.445549	35.020733	34.484268	33.823303	33.033737	32.121387	31.102074	
57.501183	55.086460	52.761997	50.534588	48.412132	46.403603	44.518616	42.766853	41.157326	39.697662	38.393536	37.248108	36.261673	35.431358	34.750957	34.210857	33.798073	33.496395	33.286598	33.146904	33.053474	32.981232	32.904770	32.799534	32.643200	32.417164	32.107941	31.708393	31.218407	30.644749	
57.132439	54.355949	51.683922	49.129150	46.704002	44.420277	42.289070	40.320374	38.522724	36.902775	35.465019	34.211418	33.141205	32.250732	31.533352	30.979372	30.576168	30.308281	30.157688	30.104145	30.125689	30.199280	30.301586	30.409859	30.502983	30.562538	30.573757	30.526291	30.414663	30.238127	
56.798626	53.693527	50.704796	47.850868	45.148384	42.612068	40.254608	38.086514	36.116035	34.349045	32.788940	31.436602	30.290268	29.345543	28.595345	28.029934	27.637018	27.401859	27.307526	27.335180	27.464491	27.674158	27.942476	28.248028	28.570402	28.890938	29.193325	29.464153	29.693163	29.873222	
56.492325	53.085068	49.804909	46.675835	43.718708	40.951088	38.387177	36.037926	33.911217	32.012012	30.342571	28.902546	27.689129	26.697104	25.918907	25.344715	24.962532	24.758320	24.716171	24.818584	25.046772	25.381004	25.801044	26.286619	26.817844	27.375729	27.942490	28.501892	29.039448	29.542465	
56.205517	52.515244	48.962799	45.577896	42.385628	39.406219	36.655128	34.143383	31.878099	29.862980	28.098782	26.583704	25.313639	24.282383	23.481796	22.901878	22.530888	22.355453	22.360710	22.530499	22.847549	23.293758	23.850395	24.498386	25.218513	25.991606	26.798668	27.621014	28.440371	29.239008	
55.929108	51.966694	48.154152	44.527451	41.115997	37.942383	35.022774	32.367584	29.982479	27.869232	26.026550	24.450686	23.135883	22.074717	21.258266	20.676258	20.317150	20.168236	20.215725	20.444870	20.840075	21.385004	22.062687	22.855553	23.745401	24.713310	25.739531	26.803335	27.883038	28.956177	
55.652325	51.418919	47.350540	43.490227	39.871792	36.519711	33.449883	30.671059	28.186317	25.994530	24.091528	22.470976	21.125008	20.044621	19.219898	18.640156	18.294014	18.169434	18.253780	18.533867	18.995979	19.625895	20.408802	21.329155	22.370403	23.514561	24.741766	26.029819	27.353937	28.686951	
55.361938	50.846966	46.517727	42.425610	38.608803	35.092655	31.891317	29.010139	26.448067	24.199684	22.256863	20.609884	19.248184	18.160791	17.336567	16.764284	16.432669	16.330404	16.446114	16.768368	17.285646	17.986259	18.858154	19.888584	21.063526	22.366959	23.779886	25.279385	26.837936	28.423409	
55.041023	50.219307	45.613319	41.284477	37.274910	33.608971	30.296581	27.337166	24.723270	22.443432	20.484226	18.831617	17.471722	16.391230	15.577542	15.018791	14.703791	14.621986	14.763407	15.118607	15.678612	16.434805	17.378628	18.501118	19.792068	21.238840	22.824768	24.527403	26.317020	28.156008	
54.666916	49.494442	44.583015	40.005966	35.807838	32.008507	28.609587	25.600834	22.965385	20.683523	18.735025	17.100569	15.762388	14.704498	13.912693	13.374411	13.078579	13.015484	13.176682	13.554950	14.144230	14.939533	15.936666	17.131681	18.519831	20.093914	21.841846	23.743656	25.768436	27.872448	
54.207588	48.615200	43.354713	38.512810	34.132271	30.221935	26.768587	23.746992	21.127041	18.878210	16.971964	15.382850	14.088810	13.071047	12.313732	11.803653	11.529921	11.483749	11.658346	12.048879	12.652515	13.468428	14.497672	15.742716	17.206360	18.889683	20.788643	22.889244	25.161755	27.555836	
53.614937	47.498798	41.829178	36.704685	32.156223	28.169666	24.706800	21.720188	19.161947	16.988213	15.160898	13.647976	12.423048	11.464651	10.755529	10.282015	10.033538	10.002332	10.183311	10.574106	11.175262	11.990469	13.026774	14.294479	15.806351	17.575535	19.611305	21.911825	24.453794	27.181252	
52.811459	46.018761	39.864952	34.449089	29.767483	25.761951	22.354443	19.466423	17.027718	14.979264	13.273041	11.870733	10.742157	9.863754	9.217337	8.789129	8.569107	8.550602	8.730202	9.107893	9.687468	10.477135	11.490267	12.746065	14.269687	16.090942	18.240044	20.738031	23.579609	26.709114	
51.661888	43.971169	37.254589	31.570339	26.831688	22.901804	19.643326	16.937794	14.689859	12.825345	11.287472	10.033137	9.029741	8.252748	7.683864	7.309762	7.121247	7.112813	7.282563	7.632481	8.169086	8.904510	9.857993	11.057752	12.542896	14.364496	16.583580	19.261555	22.435520	26.070957	
49.906593	41.009556	33.689514	27.840054	23.196526	19.493765	16.515705	14.099695	12.127153	10.512448	9.193766	8.126255	7.277253	6.622943	6.146090	5.834532	5.680262	5.678956	5.829934	6.136539	6.607025	7.256058	8.107031	9.195463	10.573601	12.316027	14.524450	17.325619	20.846630	25.136131	
46.988777	36.520195	28.717745	22.981476	18.711006	15.463232	12.938984	10.940827	9.337976	8.042534	6.994368	6.151652	5.484894	4.973167	4.601689	4.360301	4.242558	4.245303	4.368654	4.616441	4.997184	5.525848	6.226734	7.138193	8.320198	9.866283	11.921149	14.701834	18.504456	23.625422	
41.554611	29.403498	21.730433	16.718864	13.274894	10.790812	8.926506	7.484829	6.346577	5.436681	4.706148	4.122061	3.661828	3.309752	3.054944	2.890066	2.810596	2.814489	2.902191	3.077025	3.346063	3.721724	4.224596	4.888412	5.769090	6.961674	8.632883	11.083479	14.857613	20.861111	
29.845076	17.837343	12.119402	8.935036	6.933284	5.560376	4.559882	3.799955	3.206785	2.736188	2.360300	2.060848	1.825511	1.645848	1.516075	1.432340	1.392310	1.394993	1.440740	1.531483	1.671246	1.867125	2.131074	2.483260	2.958717	3.621572	4.598338	6.164317	8.993557	14.962911	
