Las teperaturas son: 
79.655899	87.226608	90.619759	92.341919	93.295822	93.852470	94.184212	94.380058	94.489922	94.543564	94.559425	94.549080	94.519623	94.474945	94.416435	94.343399	94.253036	94.140305	93.997589	93.813766	93.572929	93.251877	92.816071	92.211670	91.350075	90.074753	88.083656	84.727661	78.427444	64.797279	
71.401321	78.632507	82.909744	85.448883	86.983429	87.922104	88.494576	88.834480	89.022736	89.110046	89.128830	89.099915	89.036179	88.944687	88.827888	88.684296	88.508484	88.290848	88.016846	87.665680	87.207848	86.601227	85.784515	84.665527	83.100143	80.852997	77.521469	72.390450	64.177261	50.755779	
67.332825	73.009727	76.956406	79.580055	81.287323	82.378975	83.058907	83.462082	83.677948	83.766159	83.766571	83.705521	83.599510	83.457611	83.282837	83.072693	82.819489	82.509811	82.123672	81.632896	80.998344	80.165649	79.058418	77.567146	75.531708	72.713646	68.755264	63.130432	55.129047	44.041054	
64.947922	69.150452	72.364517	74.670670	76.253876	77.298126	77.953384	78.332657	78.518112	78.568344	78.524475	78.414505	78.256287	78.059586	77.827240	77.555786	77.235558	76.850380	76.376472	75.781052	75.019714	74.032776	72.739738	71.031464	68.759537	65.723419	61.659561	56.246449	49.162529	40.270309	
63.347725	66.328857	68.738831	70.550858	71.833344	72.686607	73.209686	73.487335	73.587128	73.560638	73.445801	73.269279	73.048332	72.792206	72.503006	72.176239	71.800758	71.358505	70.823685	70.161453	69.325974	68.257812	66.880341	65.095474	62.779510	59.780861	55.925041	51.037376	45.000904	37.867065	
62.164883	64.143311	65.789078	67.050446	67.942612	68.515259	68.829422	68.944504	68.912262	68.774841	68.564651	68.305115	68.011520	67.691757	67.346802	66.971107	66.552490	66.071930	65.502975	64.810776	63.950943	62.867886	61.493210	59.744392	57.524693	54.726635	51.242294	46.986015	41.934860	36.185032	
61.230167	62.370396	63.320641	64.031754	64.497871	64.741112	64.797562	64.707138	64.507736	64.232086	63.906364	63.549927	63.175331	62.788612	62.389412	61.971176	61.521095	61.019894	60.441494	59.752499	58.911591	57.868912	56.565872	54.935604	52.905212	50.401108	47.359398	43.743248	39.567444	34.924919	
60.457188	60.881653	61.206215	61.391914	61.426956	61.319950	61.091812	60.768970	60.378483	59.944904	59.488564	59.024628	58.562752	58.106895	57.655354	57.200706	56.729786	56.223587	55.657089	54.999104	54.212181	53.252731	52.071594	50.615608	48.830574	46.666653	44.086830	41.078705	37.668518	33.932793	
59.797966	59.599945	59.362049	59.056358	58.671867	58.211517	57.687870	57.118599	56.522942	55.919022	55.322136	54.743671	54.190506	53.664612	53.163010	52.677559	52.194992	51.696869	51.159592	50.554497	49.848118	49.002716	47.977386	46.729858	45.219585	43.412270	41.286140	38.839584	36.098736	33.122345	
59.223835	58.476761	57.731777	56.971001	56.186871	55.381012	54.561890	53.741943	52.935116	52.154766	51.412201	50.715607	50.069412	49.473854	48.924789	48.413555	47.926918	47.447193	46.952297	46.416107	45.808815	45.097786	44.248760	43.227657	42.003288	40.550961	38.856819	36.922653	34.769974	32.441727	
58.716454	57.479916	56.276077	55.095703	53.935661	52.798500	51.691208	50.623402	49.605675	48.648056	47.758804	46.943565	46.204754	45.541080	44.947464	44.414818	43.930107	43.476402	43.033165	42.576538	42.079941	41.514908	40.852257	40.063805	39.124489	38.015099	36.725281	35.256481	33.624096	31.857895	
58.263245	56.586700	54.966019	53.399418	51.888393	50.437584	49.054028	47.746132	46.522514	45.390961	44.357506	43.425819	42.596642	41.867493	41.232483	40.682247	40.203972	39.781528	39.395737	39.024769	38.644718	38.230400	37.756462	37.198730	36.535961	35.751778	34.836746	33.790154	32.621151	31.348700	
57.854828	55.779793	53.778786	51.856598	50.019249	48.273994	46.628838	45.091953	43.670902	42.371979	41.199635	40.155956	39.240360	38.449352	37.776413	37.211945	36.743393	36.355362	36.029900	35.746910	35.484676	35.220596	34.932060	34.597626	34.198280	33.718826	33.149315	32.486103	31.732502	30.898577	
57.483475	55.044735	52.694866	50.444572	48.304295	46.284122	44.393494	42.640892	41.033344	39.576157	38.272522	37.123268	36.126678	35.278374	34.571274	33.995621	33.539101	33.186974	32.922398	32.726753	32.580116	32.461906	32.351570	32.229469	32.077816	31.881666	31.629795	31.315451	30.936638	30.495993	
57.142204	54.368309	51.696018	49.141647	46.719940	44.443855	42.324455	40.370724	38.589424	36.985039	35.559662	34.312950	33.242142	32.342003	31.604939	31.021015	30.578129	30.262161	30.057236	29.946033	29.910183	29.930752	29.988768	30.065876	30.144968	30.210842	30.250761	30.254896	30.216526	30.131931	
56.824112	53.737297	50.763828	47.925560	45.241478	42.727394	40.395939	38.256538	36.315620	34.576759	33.040878	31.706409	30.569456	29.623903	28.861580	28.272343	27.844276	27.563810	27.415981	27.384670	27.452911	27.603241	27.818069	28.080078	28.372631	28.680126	28.988323	29.284546	29.557829	29.798885	
56.521759	53.137493	49.878422	46.772160	43.841957	41.106361	38.579269	36.270267	34.185059	32.325981	30.692482	29.281509	28.087837	27.104321	26.322098	25.730753	25.318497	25.072296	24.978075	25.020899	25.185192	25.454956	25.813972	26.246004	26.734955	27.264967	27.820486	28.386318	28.947645	29.490118	
56.226688	52.552765	49.017288	45.654152	42.490978	39.548767	36.842194	34.380318	32.167450	30.204060	28.487579	27.013025	25.773521	24.760637	23.964666	23.374828	22.979408	22.765900	22.721142	22.831463	23.082771	23.460676	23.950556	24.537506	25.206295	25.941193	26.725742	27.542604	28.373461	29.199137	
55.928825	51.963963	48.153900	44.539688	41.153442	38.018105	35.148224	32.551254	30.229050	28.179241	26.396448	24.873146	23.600338	22.568007	21.765396	21.181242	20.803864	20.621307	20.621403	20.791862	21.120306	21.594254	22.201046	22.927635	23.760235	24.683876	25.681839	26.735142	27.822254	28.919151	
55.615616	51.347446	47.255966	43.390648	39.788097	36.472260	33.456036	30.743610	28.332794	26.217049	24.387114	22.832132	21.540451	20.500090	19.699041	19.125431	18.767597	18.614174	18.654106	18.876690	19.271545	19.828529	20.537525	21.388062	22.368692	23.466187	24.664490	25.943729	27.279451	28.642509	
55.270767	50.672920	46.282871	42.160233	38.345680	34.862305	31.718889	28.913816	26.438637	24.280876	22.426083	20.859165	19.565212	18.529930	17.739851	17.182411	16.845963	16.719805	16.794136	17.060076	17.509596	18.135422	18.930710	19.888542	21.001043	22.258146	23.645905	25.144703	26.727652	28.359968	
54.872177	49.899979	45.181923	40.789703	36.766525	33.131123	29.884117	27.014362	24.504147	22.332859	20.479366	18.923405	17.646244	16.630978	15.862549	15.327682	15.014797	14.913935	15.016706	15.316297	15.807411	16.486191	17.349937	18.396503	19.623232	21.025227	22.592890	24.308830	26.144764	28.059544	
54.388268	48.972359	43.882393	39.203583	34.977493	31.211975	27.892958	24.994438	22.485596	20.335163	18.513811	16.995270	15.756611	14.778186	14.043358	13.538214	13.251331	13.173611	13.298212	13.620573	14.138453	14.851963	15.763416	16.876841	18.196877	19.726641	21.464315	23.398220	25.500990	27.724648	
53.771275	47.807968	42.286102	37.302963	32.888386	29.027382	25.681053	22.801327	20.339724	18.251789	16.498775	15.047958	13.872188	12.949232	12.261096	11.793438	11.535161	11.478140	11.617165	11.950021	12.477688	13.204609	14.138872	15.292101	16.678635	18.313400	20.207611	22.361473	24.753780	27.330667	
52.943947	46.280838	40.252319	34.956322	30.388226	26.489136	23.180424	20.383083	18.026455	16.051020	14.408229	13.059199	11.973112	11.125747	10.498260	10.076260	9.849209	9.810073	9.955264	10.284822	10.802850	11.518131	12.444883	13.603394	15.020132	16.726429	18.754145	21.126068	23.838737	26.838303	
51.771126	44.187271	37.573997	31.988546	27.343414	23.501179	20.324034	17.693153	15.512847	13.708576	12.223176	11.013094	10.045223	9.294477	8.742002	8.373931	8.180601	8.156150	8.298478	8.609554	9.096102	9.770676	10.653169	11.772667	13.169352	14.895532	17.013603	19.586445	22.652678	26.179314	
49.993187	41.180862	33.942688	28.171459	23.601927	19.968466	17.054661	14.697609	12.778479	11.211411	9.934296	8.901963	8.081360	7.448238	6.984902	6.678745	6.521358	6.508094	6.638068	6.914569	7.345963	7.947214	8.742205	9.767111	11.075016	12.741480	14.869295	17.586388	21.021076	25.223248	
47.053299	36.647797	28.906260	23.228159	19.012648	15.816290	13.339669	11.385170	9.821863	8.561697	7.544368	6.727815	6.082275	5.586507	5.225384	4.988400	4.868792	4.863134	4.971362	5.197231	5.549316	6.042774	6.702242	7.566547	8.696272	10.185665	12.180241	14.897913	18.635723	23.691025	
41.597458	29.488222	21.855549	16.882498	13.474882	11.024768	9.191887	7.778984	6.666775	5.780111	5.069901	4.503096	4.056931	3.715504	3.467701	3.305948	3.225496	3.224109	3.302092	3.462699	3.713017	4.065574	4.541165	5.173828	6.019876	7.174824	8.805925	11.214531	14.945408	20.905012	
29.866493	17.879667	12.181871	9.016693	7.033024	5.676986	4.692074	3.946397	3.366113	2.907005	2.541171	2.250281	2.021935	1.847595	1.721361	1.639261	1.598848	1.599023	1.640062	1.723850	1.854411	2.038887	2.289326	2.626043	3.084264	3.728349	4.685079	6.230050	9.037621	14.984955	
