Las teperaturas son: 
79.687317	87.287987	90.709427	92.458015	93.436340	94.015228	94.366913	94.580292	94.705154	94.771194	94.796768	94.793465	94.768341	94.725281	94.665741	94.589081	94.492615	94.371429	94.218063	94.021591	93.766243	93.429092	92.975800	92.352768	91.471664	90.176208	88.164612	84.788010	78.467255	64.816910	
71.464874	78.756615	83.091049	85.683655	87.267593	88.251305	88.864136	89.239525	89.458160	89.570595	89.609146	89.594505	89.539566	89.451401	89.332581	89.181732	88.993622	88.758919	88.463387	88.086601	87.599419	86.960205	86.108086	84.951393	83.346504	81.058571	77.685493	72.512665	64.257889	50.795532	
67.428642	73.196846	77.229774	79.934074	81.715851	82.875481	83.616371	84.073166	84.334961	84.461197	84.491531	84.452148	84.359528	84.222809	84.045074	83.824089	83.552437	83.217056	82.798477	82.269035	81.590210	80.708298	79.547585	77.999336	75.904190	73.024490	69.003281	63.315228	55.250977	44.101166	
65.075516	69.399689	72.728683	75.142349	76.824936	77.959854	78.696526	79.147430	79.394302	79.495422	79.491653	79.410805	79.270668	79.081070	78.844978	78.559235	78.214554	77.795227	77.278137	76.631180	75.810806	74.758156	73.393707	71.609314	69.257599	66.139084	61.991249	56.493599	49.325607	40.350708	
63.506039	66.638138	69.190826	71.136391	72.542419	73.508469	74.132851	74.499718	74.676117	74.713165	74.648468	74.508484	74.310349	74.063370	73.769852	73.425591	73.019943	72.535454	71.947083	71.220863	70.311996	69.162094	67.695717	65.816063	63.400696	60.299324	56.338791	51.345711	45.204357	37.967369	
62.352238	64.509415	66.324219	67.743889	68.782570	69.489075	69.923569	70.144745	70.203720	70.142059	69.991783	69.776062	69.510040	69.201591	68.851959	68.455917	68.001862	67.471466	66.839188	66.071213	65.124313	63.944210	62.463936	60.602436	58.264496	55.344196	51.735191	47.353374	42.177292	36.304558	
61.444275	62.788933	63.932617	64.824989	65.459023	65.855804	66.050407	66.081940	65.987518	65.799232	65.542786	65.237190	64.894836	64.521744	64.117752	63.676758	63.186531	62.628597	61.977890	61.202194	60.261513	59.107529	57.683250	55.923492	53.757149	51.112427	47.927235	44.166531	39.846817	35.062683	
60.695251	61.347187	61.887161	62.274860	62.497227	62.561646	62.487972	62.301643	62.028839	61.693428	61.315140	60.908737	60.483639	60.043808	59.587711	59.108368	58.593258	58.024261	57.377457	56.622948	55.724792	54.641048	53.324387	51.723526	49.786278	47.464806	44.724136	41.553871	37.982193	34.087494	
60.056694	60.106106	60.102737	60.017193	59.837048	59.563931	59.209198	58.789436	58.322914	57.826939	57.316147	56.801453	56.289433	55.782040	55.276428	54.764919	54.234901	53.668877	53.044434	52.334297	51.506638	50.525520	49.352005	47.945923	46.268890	44.288845	41.986252	39.361702	36.443489	33.292412	
59.499531	59.016403	58.521866	57.996422	57.430981	56.825768	56.187904	55.528664	54.860924	54.197121	53.547825	52.920681	52.319771	51.745224	51.193039	50.654961	50.118465	49.566814	48.979183	48.330906	47.593910	46.737499	45.729492	44.538078	43.134430	41.496208	39.612015	37.486023	35.142067	32.625328	
59.005146	58.045322	57.104347	56.171280	55.241341	54.315594	53.399593	52.501698	51.631325	50.797531	50.007748	49.266991	48.577255	47.937115	47.341568	46.781929	46.245834	45.717346	45.177177	44.603020	43.970081	43.251911	42.421562	41.453209	40.324280	39.018108	37.526920	35.854702	34.019333	32.052971	
58.560772	57.169769	55.820694	54.509972	53.237373	52.005928	50.821209	49.690266	48.620476	47.618546	46.689644	45.836708	45.060020	44.356869	43.721420	43.144653	42.614395	42.115494	41.630035	41.137764	40.616615	40.043495	39.395325	38.650414	37.790092	36.800674	35.675400	34.416237	33.034950	31.553015	
58.156944	56.372276	54.647873	52.986618	51.392776	49.871933	48.430561	47.075401	45.812729	44.647694	43.583767	42.622284	41.762123	40.999477	40.327816	39.737854	39.217628	38.752670	38.326294	37.919979	37.513840	37.087402	36.620407	36.093941	35.491623	34.801041	34.014999	33.132648	32.160004	31.109734	
57.785995	55.638481	53.566437	51.578644	49.683716	47.890045	46.205498	44.637051	43.190453	41.869770	40.677170	39.612656	38.673889	37.856133	37.152222	36.552639	36.045601	35.617268	35.252007	34.932724	34.641346	34.359406	34.068714	33.752182	33.394714	32.984161	32.512150	31.974758	31.372776	30.711514	
57.441135	54.955452	52.558563	50.264824	48.087128	46.036720	44.123062	42.353630	40.733826	39.266895	37.953846	36.793449	35.782249	34.914597	34.182743	33.576908	33.085457	32.695091	32.391102	32.157639	31.978132	31.835732	31.713812	31.596558	31.469563	31.320421	31.139271	30.919151	30.656155	30.349281	
57.115673	54.310463	51.606533	49.023773	46.579327	44.287292	42.158691	40.201435	38.420586	36.818443	35.394829	34.147232	33.071007	32.159565	31.404486	30.795723	30.321743	29.969711	29.725748	29.575134	29.502640	29.492825	29.530376	29.600487	29.689190	29.783667	29.872530	29.945961	29.995815	30.015530	
56.802551	53.689980	50.691418	47.832531	45.134754	42.614929	40.285385	38.154205	36.225712	34.500992	32.978352	31.653770	30.521233	29.573042	28.800045	28.191824	27.736881	27.422832	27.236584	27.164516	27.192699	27.307053	27.493580	27.738464	28.028214	28.349699	28.690176	29.037270	29.378956	29.703583	
56.493736	53.078690	49.791866	46.665260	43.724728	40.989601	38.473030	36.182610	34.121315	32.288345	30.680008	29.290325	28.111605	27.134811	26.349892	25.745964	25.311535	25.034637	24.902985	24.904106	25.025450	25.254446	25.578564	25.985226	26.461714	26.994932	27.571159	28.175806	28.793272	29.407032	
56.179615	52.458328	48.882645	45.491760	42.316097	39.377018	36.687592	34.253876	32.076416	30.151627	28.473007	27.032036	25.818886	24.822903	24.032921	23.437496	23.025093	22.784180	22.703356	22.771416	22.977371	23.310452	23.759954	24.315025	24.964273	25.695248	26.493843	27.343735	28.226009	29.119217	
55.848129	51.806221	47.932808	44.275646	40.869720	37.737465	34.890404	32.331394	30.057001	28.059528	26.328615	24.852448	23.618525	22.614220	21.827049	21.244911	20.856195	20.649864	20.615501	20.743372	21.024330	21.449806	22.011494	22.700962	23.509008	24.424782	25.434700	26.521408	27.662960	28.832672	
55.483490	51.092995	46.903137	42.971893	39.338432	36.024445	33.037422	30.374535	28.026154	25.978718	24.216743	22.724201	21.485359	20.485256	19.709919	19.146511	18.783352	18.609974	18.617100	18.796673	19.141785	19.646538	20.305754	21.114389	22.066648	23.154657	24.366787	25.685781	27.087124	28.538332	
55.064034	50.279152	45.742241	41.523445	37.664616	34.183212	31.078650	28.338701	25.944565	23.874626	22.106804	20.619936	19.394510	18.412956	17.659702	17.121155	16.785629	16.643320	16.686256	16.908300	17.305134	17.874121	18.614040	19.524448	20.604565	21.851522	23.257839	24.808308	26.476830	28.224426	
54.558594	49.309250	44.380569	39.856388	35.777031	32.149208	28.957790	26.175793	23.771431	21.712524	19.968880	18.513405	17.322430	16.375671	15.655981	15.149099	14.843451	14.730003	14.802238	15.056148	15.490315	16.105909	16.906544	17.897753	19.085854	20.475792	22.067665	23.851774	25.802748	27.874584	
53.919762	48.101868	42.720963	37.873123	33.587097	29.846889	26.612675	23.835522	21.466122	19.459209	17.775276	16.380850	15.248109	14.354223	13.680705	13.212863	12.939402	12.852211	12.946300	13.219896	13.674659	14.315928	15.152905	16.198524	17.468597	18.979668	20.744637	22.765474	25.022766	27.464413	
53.070553	46.531567	40.623508	35.443241	30.985193	27.189631	23.977144	21.267981	18.990791	17.085365	15.502495	14.202644	13.154402	12.333006	11.719149	11.298099	11.059106	10.995095	11.102621	11.382067	11.838068	12.480157	13.323483	14.389441	15.705768	17.305168	19.220982	21.477535	24.072910	26.954817	
51.876011	44.395081	37.881760	32.392410	27.838730	24.082596	20.985569	18.428211	16.314262	14.568628	13.133591	11.965050	11.029392	10.301054	9.760777	9.394371	9.191959	9.147611	9.259301	9.529247	9.964588	10.578475	11.391555	12.433829	13.746523	15.383102	17.407198	19.882980	22.850384	26.277748	
50.076626	41.346214	34.187634	28.492966	23.996323	20.431532	17.581675	15.283377	13.417362	11.897329	10.660740	9.661985	8.867598	8.252934	7.799954	7.495775	7.331784	7.303247	7.409310	7.653432	8.044284	8.597283	9.336903	10.300039	11.540604	13.135078	15.187257	17.826103	21.181004	25.302919	
47.115570	36.771240	29.089157	23.468246	19.307192	16.162157	13.733355	11.822827	10.299323	9.074476	8.087653	7.296478	6.670873	6.189288	5.836329	5.601262	5.477156	5.460495	5.551220	5.753185	6.075181	6.532687	7.150769	7.968783	9.047931	10.483155	12.420718	15.079327	18.756828	23.751389	
41.638847	29.570263	21.977100	17.042061	13.670637	11.254625	9.453527	8.069870	6.984161	6.121044	5.431222	4.881433	4.448704	4.116923	3.874791	3.714570	3.631390	3.622938	3.689510	3.834414	4.064867	4.393600	4.841688	5.443515	6.255804	7.374530	8.967453	11.336452	15.026842	20.945621	
29.887165	17.920645	12.242579	9.096373	7.130761	5.791736	4.822681	4.091600	3.524548	3.077212	2.721589	2.439247	2.217679	2.048242	1.924939	1.843715	1.802053	1.798813	1.834256	1.910292	2.031001	2.203621	2.440339	2.761640	3.202953	3.828869	4.766422	6.291476	9.078663	15.005432	
