Las teperaturas son: 
79.708420	87.329201	90.769661	92.536041	93.530792	94.124634	94.489731	94.714859	94.849754	94.924057	94.956131	94.957458	94.935143	94.893097	94.832802	94.753662	94.653061	94.526207	94.365677	94.160675	93.895599	93.547684	93.082703	92.447243	91.553116	90.244217	88.218903	84.828468	78.493958	64.830070	
71.507538	78.839981	83.212875	85.841454	87.458603	88.472580	89.112534	89.511719	89.750687	89.879868	89.931549	89.926346	89.877136	89.791054	89.670738	89.514877	89.318405	89.072197	88.762199	88.368195	87.861374	87.200340	86.324562	85.142670	83.511414	81.196213	77.795380	72.594597	64.311974	50.822212	
67.492981	73.322586	77.413536	80.172104	82.004028	83.209335	83.991173	84.483917	84.776459	84.928055	84.978256	84.953186	84.869308	84.735794	84.555840	84.327347	84.043121	83.690414	83.250015	82.694618	81.986115	81.071251	79.874802	78.288498	76.153473	73.232574	69.169403	63.439091	55.332748	44.141502	
65.161285	69.567322	72.973686	75.459747	77.209259	78.405167	79.196518	79.695465	79.983444	80.118530	80.141380	80.079742	79.951408	79.766205	79.527252	79.231590	78.870239	78.427811	77.881638	77.200066	76.340088	75.243454	73.831253	71.996002	69.590988	66.417435	62.213448	56.659264	49.434982	40.404663	
63.612606	66.846451	69.495346	71.530960	73.020256	74.062225	74.754738	75.181488	75.409164	75.488632	75.457260	75.341354	75.158081	74.916748	74.619843	74.263397	73.837128	73.323990	72.699471	71.930214	70.972076	69.767403	68.241531	66.298492	63.816666	60.646637	56.616074	51.552452	45.340866	38.034714	
62.478592	64.756439	66.685440	68.212021	69.349640	70.146378	70.661926	70.954407	71.074493	71.063431	70.952980	70.766144	70.518021	70.216553	69.863129	69.452827	68.974442	68.410172	67.735039	66.915985	65.910553	64.665344	63.114304	61.177338	58.760273	55.758194	52.065750	47.599869	42.340065	36.384872	
61.589046	63.072037	64.346680	65.361725	66.109360	66.609894	66.897720	67.011360	66.987404	66.857529	66.647133	66.375061	66.053619	65.688858	65.280869	64.823792	64.305862	63.709202	63.009438	62.175144	61.167267	59.938446	58.432766	56.586174	54.328720	51.589783	48.308456	44.450832	40.034576	35.155331	
60.856705	61.663021	62.349243	62.874054	63.223465	63.404030	63.434799	63.340561	63.146919	62.877232	62.550888	62.182423	61.781158	61.351105	60.890923	60.393963	59.848213	59.236160	58.534668	57.714745	56.741436	55.573940	54.166077	52.467865	50.428406	48.001198	45.152573	41.873447	38.193268	34.191662	
60.232800	60.450737	60.607140	60.671516	60.630394	60.484493	60.244308	59.925659	59.546169	59.122612	58.669205	58.196587	57.711224	57.215080	56.705524	56.175209	55.612061	54.999245	54.315186	53.533592	52.623718	51.550865	50.277382	48.764481	46.975220	44.878998	42.457726	39.713448	36.675861	33.407108	
59.687992	59.385368	59.062126	58.697556	58.281456	57.813057	57.298519	56.748295	56.174530	55.589096	55.002079	54.420803	53.849205	53.287422	52.731632	52.173927	51.602341	51.000824	50.349457	49.624573	48.799316	47.844269	46.728676	45.422192	43.897541	42.133972	40.121651	37.866329	35.393353	32.749386	
59.203461	58.433762	57.673397	56.910118	56.137989	55.356976	54.571617	53.789383	53.018913	52.268600	51.545380	50.853886	50.195908	49.570049	48.971439	48.391743	47.819149	47.238453	46.631271	45.976376	45.250233	44.427750	43.483475	42.393139	41.135830	39.696564	38.069225	36.259495	34.286865	32.185081	
58.766281	57.572510	56.411003	55.276833	54.168522	53.087944	52.039612	51.029610	50.064491	49.150253	48.291496	47.490753	46.748051	46.060661	45.422874	44.826004	44.258430	43.705715	43.150902	42.574841	41.956738	41.274918	40.507866	39.635536	38.640976	37.512245	36.244370	34.841064	33.315804	31.691740	
58.366898	56.783985	55.251667	53.771458	52.346313	50.980595	49.679688	48.449303	47.294846	46.220718	45.229782	44.322895	43.498665	42.753208	42.080101	41.470375	40.912590	40.393009	39.895893	39.403816	38.898228	38.360092	37.770741	37.112938	36.372116	35.537647	34.604198	33.572723	32.451042	31.253536	
57.997646	56.053772	54.175880	52.371304	50.647362	49.011162	47.469429	46.028107	44.691998	43.464394	42.346809	41.338737	40.437523	39.638290	38.933975	38.315331	37.771076	37.288074	36.851620	36.445740	36.053688	35.658440	35.243416	34.793251	34.294670	33.737362	33.114868	32.425102	31.670712	30.858768	
57.651760	55.369034	53.165909	51.055305	49.048737	47.156219	45.386005	43.744514	42.236183	40.863426	39.626568	38.523846	37.551445	36.703541	35.972420	35.348553	34.820766	34.376442	34.001755	33.681984	33.401833	33.145912	32.899204	32.647629	32.378586	32.081566	31.748602	31.374630	30.957603	30.498333	
57.322693	54.717262	52.204353	49.802406	47.527199	45.391556	43.405304	41.575294	39.905582	38.397629	37.050529	35.861210	34.824631	33.933979	33.180843	32.555359	32.046417	31.641836	31.328573	31.092999	30.921125	30.798954	30.712757	30.649448	30.596863	30.544054	30.481535	30.401400	30.297367	30.164692	
57.003536	54.085232	51.272728	48.590225	46.057816	43.691078	41.501144	39.495026	37.676056	36.044456	34.597786	33.331421	32.238934	31.312366	30.542515	29.919111	29.431034	29.066484	28.813179	28.658512	28.589756	28.594236	28.659494	28.773407	28.924238	29.100723	29.291985	29.487539	29.677221	29.851189	
56.686501	53.458076	50.350273	47.393673	44.612789	42.025726	39.644466	37.475525	35.520889	33.778915	32.245125	30.912941	29.774208	28.819620	28.039013	27.421608	26.956236	26.631456	26.435738	26.357552	26.385490	26.508335	26.715031	26.994629	27.336140	27.728256	28.159096	28.615917	29.084949	29.551445	
56.362209	52.818024	49.412483	46.183449	43.160057	40.362446	37.802559	35.485413	33.410583	31.573635	29.967297	28.582432	27.408745	26.435251	25.650648	25.043558	24.602697	24.317001	24.175753	24.168625	24.285706	24.517481	24.854666	25.287956	25.807608	26.402906	27.061523	27.768913	28.507935	29.258871	
56.018913	52.142906	48.429180	44.924160	41.661613	38.662827	35.938225	33.489670	31.312790	29.399044	27.737339	26.315239	25.119751	24.137897	23.357033	22.765070	22.350590	22.102957	22.012379	22.069893	22.267372	22.597401	23.053009	23.627218	24.312393	25.099321	25.976126	26.927147	27.932135	28.966076	
55.641075	51.403961	47.361958	43.571827	40.071579	36.881821	34.009018	31.449379	29.192400	27.223709	25.527102	24.085953	22.884022	21.905993	21.137695	20.566261	20.180164	19.969257	19.924801	20.039459	20.307220	20.723265	21.283638	21.984638	22.821945	23.789215	24.876423	26.067917	27.340776	28.664104	
55.207359	50.562222	46.160233	42.070427	38.333565	34.966103	31.966516	29.321667	27.011946	25.014977	23.307987	21.869232	20.678715	19.718494	18.972782	18.427923	18.072325	17.896456	17.892786	18.055822	18.382044	18.869793	19.518948	20.330309	21.304440	22.439890	23.730665	25.163044	26.712431	28.341307	
54.686878	49.562794	44.755253	40.347054	36.377548	32.852528	29.755997	27.060156	24.732464	22.740040	21.052055	19.640862	18.482327	17.555798	16.843891	16.332260	16.009380	15.866438	15.897278	16.098442	16.469217	17.011627	17.730288	18.631844	19.723820	21.012457	22.499203	24.175730	26.018023	27.981440	
54.032436	48.324734	43.050549	38.305038	34.116070	30.466843	27.316757	24.616150	22.315042	20.367523	18.733515	17.379028	16.275808	15.400678	14.734909	14.263698	13.975767	13.863159	13.921193	14.148548	14.547485	15.124095	15.888453	16.854467	18.039032	19.459824	21.130970	23.055668	25.215717	27.560238	
53.167290	46.723030	40.906837	35.814766	31.440496	27.723576	24.583935	21.941179	19.723373	17.869743	16.330572	15.065870	14.043829	13.239357	12.632923	12.209663	11.958822	11.873430	11.950282	12.190131	12.598122	13.184415	13.964901	14.961828	16.203861	17.724701	19.558739	21.731382	24.241787	27.038727	
51.956619	44.554733	38.118156	32.702557	28.219028	24.528835	21.492975	18.991480	16.927593	15.225741	13.827774	12.689197	11.776045	11.062469	10.528997	10.161307	9.949496	9.887698	9.974073	10.211130	10.606419	11.173602	11.933946	12.918163	14.168257	15.738533	17.693514	20.098282	22.993694	26.348993	
50.141060	41.473900	34.376781	28.741259	24.300917	20.789106	17.988461	15.735178	13.909582	12.424990	11.218502	10.244188	9.468287	8.865915	8.418843	8.114063	7.942925	7.900734	7.986767	8.204699	8.563524	9.079060	9.776272	10.692621	11.882647	13.423510	15.419725	18.001007	21.297474	25.360849	
47.163853	36.866959	29.231010	23.654516	19.535780	16.430611	14.038873	12.162300	10.669337	9.471327	8.507366	7.734827	7.123405	6.651362	6.303150	6.067934	5.938737	5.912060	5.987929	6.170360	6.468367	6.897729	7.483877	8.266590	9.307543	10.702191	12.597345	15.212275	18.845400	23.795460	
41.671021	29.634060	22.071682	17.166294	13.823135	11.433771	9.657473	8.296555	7.231331	6.386249	5.711829	5.174642	4.751554	4.426327	4.187551	4.027411	3.941000	3.926010	3.982786	4.114736	4.329220	4.639170	5.065896	5.644066	6.430720	7.522178	9.086567	11.426147	15.086620	20.975376	
29.903263	17.952572	12.289916	9.158560	7.207113	5.881446	4.924831	4.205166	3.648410	3.210154	2.862302	2.586336	2.369671	2.203594	2.082053	2.000949	1.957745	1.951296	1.981889	2.051475	2.164208	2.327425	2.553427	2.862842	3.291256	3.903438	4.826602	6.336810	9.108889	15.020479	
