Las teperaturas son: 
79.761963	87.433914	90.922760	92.734375	93.770912	94.402794	94.801903	95.056824	95.217117	95.312302	95.360626	95.373566	95.358208	95.318527	95.256119	95.170517	95.059319	94.917908	94.739182	94.512650	94.223015	93.847862	93.353348	92.686447	91.759399	90.416512	88.356544	84.931160	78.561806	64.863579	
71.615807	79.051712	83.522438	86.242493	87.944138	89.035034	89.743813	90.203278	90.493668	90.665100	90.749687	90.768021	90.732941	90.651718	90.527161	90.358292	90.140411	89.864799	89.518028	89.080475	88.523926	87.807785	86.872269	85.626785	83.928940	81.544952	78.073936	72.802399	64.449295	50.890015	
67.656372	73.642097	77.880722	80.777405	82.736893	84.058342	84.944122	85.527939	85.898186	86.113670	86.213699	86.224274	86.161842	86.035759	85.849525	85.601471	85.284958	84.887955	84.392044	83.770859	82.987312	81.989243	80.702530	79.020142	76.784492	73.759628	69.590385	63.753166	55.540276	44.243973	
65.379372	69.993805	73.597321	76.267822	78.187729	79.538834	80.469116	81.089844	81.481750	81.702339	81.791946	81.778122	81.678635	81.503555	81.256393	80.934769	80.530411	80.028923	79.408646	78.639236	77.678993	76.471146	74.938316	72.974625	70.435043	67.122421	62.776596	57.079422	49.712601	40.541748	
63.884102	67.377441	70.271866	72.537254	74.238922	75.474373	76.340164	76.918884	77.276306	77.462616	77.514725	77.458740	77.311729	77.083336	76.776459	76.387894	75.908241	75.321640	74.604919	73.726227	72.643120	71.299774	69.623459	67.520180	64.870430	61.526871	57.319252	52.077103	45.687542	38.205906	
62.801350	65.387794	67.608894	69.408905	70.799347	71.826523	72.548546	73.022217	73.297127	73.413681	73.403069	73.287979	73.083504	72.797867	72.432983	71.984802	71.443176	70.791672	70.006927	69.057678	67.903473	66.493095	64.762779	62.634830	60.017540	56.808495	52.904846	48.225983	42.753807	36.589188	
61.960106	63.798004	65.408707	66.738510	67.777298	68.543320	69.069199	69.391869	69.546684	69.564316	69.469482	69.280640	69.010086	68.664146	68.243530	67.743301	67.152977	66.456200	65.630432	64.646332	63.467140	62.048012	60.335663	58.268822	55.780380	52.802612	49.277485	45.173977	40.512482	35.391346	
61.272285	62.476276	63.539249	64.417099	65.093254	65.571968	65.870239	66.011093	66.018677	65.915222	65.719322	65.445068	65.101707	64.693558	64.219940	63.675224	63.048763	62.324783	61.482185	60.494301	59.328766	57.947556	56.307510	54.361729	52.062515	49.366638	46.243675	42.687767	38.731491	34.457489	
60.688393	61.342525	61.912418	62.364471	62.682404	62.864357	62.918552	62.858845	62.701225	62.461208	62.152092	61.784004	61.363266	60.892170	60.368752	59.786758	59.135624	58.400383	57.561661	56.595726	55.474659	54.166832	52.637878	50.852444	48.777115	46.384869	43.661224	40.611771	37.269680	33.700432	
60.178429	60.345642	60.468056	60.521626	60.493069	60.378811	60.182549	59.912548	59.579193	59.192917	58.762794	58.295547	57.794922	57.261349	56.691696	56.079216	55.413498	54.680519	53.862701	52.939148	51.886002	50.677189	49.285480	47.684242	45.850033	43.765991	41.426189	38.840229	36.037231	33.067482	
59.722992	59.451359	59.163780	58.844421	58.484051	58.079643	57.633080	57.149467	56.635529	56.098080	55.542912	54.973991	54.392864	53.798347	53.186321	52.549599	51.878010	51.158436	50.374992	49.509346	48.541161	47.448872	46.210781	44.806599	43.219460	41.438545	39.461926	37.299400	34.974503	32.524857	
59.308716	58.635391	57.968307	57.298759	56.621796	55.936127	55.243408	54.547249	53.852112	53.162300	52.481152	51.810440	51.149895	50.496956	49.846611	49.191360	48.521248	47.824005	47.085228	46.288788	45.417236	44.452591	43.377266	42.175362	40.834229	39.346302	37.711002	35.936401	34.040237	32.049755	
58.925720	57.879448	56.857399	55.857147	54.878010	53.921043	52.988647	52.083908	51.209995	50.369526	49.563988	48.793396	48.055965	47.347939	46.663559	45.995010	45.332531	44.664581	43.978035	43.258560	42.491047	41.660255	40.751614	39.752171	38.651814	37.444477	36.129391	34.712059	33.204727	31.626081	
58.566162	57.168747	55.810966	54.496101	53.227703	52.009457	50.844982	49.737511	48.689484	47.702301	46.776016	45.909164	45.098637	44.339657	43.625698	42.948685	42.298973	41.665627	41.036575	40.398972	39.739559	39.045189	38.303467	37.503403	36.636303	35.696541	34.682339	33.596310	32.445671	31.241924	
58.223213	56.490334	54.811081	53.194252	51.647541	50.177410	48.788960	47.485794	46.269920	45.141758	44.100098	43.142120	42.263481	41.458359	40.719547	40.038612	39.405994	38.811203	38.243073	37.689968	37.140129	36.582054	36.004936	35.399139	34.756699	34.071854	33.341423	32.565098	31.745512	30.887985	
57.890404	55.831821	53.840492	51.930717	50.114403	48.400826	46.796551	45.305584	43.929474	42.667633	41.517532	40.474976	39.534309	38.688652	37.930019	37.249561	36.637726	36.084396	35.579121	35.111332	34.670547	34.246613	33.830029	33.412148	32.985443	32.543743	32.082367	31.598209	31.089689	30.556631	
57.561043	55.180374	52.881252	50.683758	48.604122	46.654369	44.842373	43.172241	41.644791	40.258102	39.008102	37.888966	36.893570	36.013786	35.240784	34.565208	33.977402	33.467560	33.025887	32.642776	32.308926	32.015457	31.754051	31.516983	31.297134	31.087957	30.883369	30.677662	30.465351	30.241156	
57.227646	54.521717	51.913445	49.429344	47.090126	44.910374	42.898827	41.059113	39.390682	37.889744	36.550144	35.364037	34.322514	33.416016	32.634655	31.968487	31.407679	30.942684	30.564356	30.264038	30.033642	29.865635	29.752995	29.689093	29.667423	29.681341	29.723667	29.786367	29.860296	29.935204	
56.881283	53.838879	50.913689	48.139587	45.542007	43.137627	40.935226	38.936958	37.139900	35.537472	34.120682	32.879112	31.801640	30.876968	30.093985	29.442013	28.911005	28.491665	28.175512	27.954952	27.823244	27.774408	27.803047	27.904018	28.071945	28.300617	28.582275	28.906967	29.262068	29.632248	
56.510674	53.110680	49.853188	46.780830	43.923805	41.300034	38.916897	36.773453	34.862892	33.174568	31.695663	30.412434	29.311035	28.378094	27.601070	26.968472	26.469990	26.096601	25.840591	25.695578	25.656403	25.719009	25.880121	26.136728	26.485378	26.921169	27.436626	28.020500	28.656891	29.325020	
56.100868	52.309372	48.695045	45.311024	42.191917	39.355148	36.804260	34.532768	32.527817	30.772976	29.250366	27.942045	26.830910	25.901178	25.138704	24.531113	24.067844	23.740208	23.541386	23.466396	23.511999	23.676521	23.959469	24.360886	24.880377	25.515709	26.261005	27.104807	28.028343	29.004747	
55.631092	51.397171	47.390335	43.676247	40.292488	37.252506	34.552032	32.175400	30.100750	28.303738	26.759977	25.446445	24.342247	23.428951	22.690723	22.114279	21.688875	21.406258	21.260633	21.248653	21.369343	21.623920	22.015484	22.548288	23.226576	24.052710	25.024578	26.132389	27.355429	28.659977	
55.071056	50.320286	45.871941	41.805710	38.158005	34.931866	32.108742	29.658489	27.546467	25.737955	24.200581	22.905472	21.827612	20.945841	20.242661	19.704006	19.319054	19.080112	18.982559	19.024851	19.208563	19.538345	20.021713	20.668489	21.489546	22.494629	23.688759	25.067217	26.609585	28.274712	
54.374157	48.998932	44.045044	39.604847	35.703560	32.321892	29.416924	26.936859	24.829802	23.048161	21.550419	20.301445	19.272121	18.438766	17.782490	17.288681	16.946640	16.749365	16.693497	16.779396	17.011349	17.397764	17.951317	18.688757	19.629978	20.795811	22.203606	23.859819	25.749502	27.824957	
53.464172	47.309124	41.771877	36.946026	32.822906	29.339867	26.414797	23.965420	21.918079	20.210505	18.791676	17.620556	16.664537	15.898044	15.301342	14.859697	14.562803	14.404488	14.382660	14.499516	14.761938	15.182106	15.778174	16.574860	17.603462	18.900459	20.503078	22.439602	24.712051	27.272022	
52.206802	45.048897	38.847916	33.657394	29.386452	25.894474	23.040707	20.703579	18.784840	17.207615	15.912627	14.854453	13.998423	13.318222	12.794170	12.412018	12.162202	12.039494	12.042967	12.176326	12.448574	12.875070	13.478994	14.293142	15.361771	16.741531	18.499378	20.702854	23.395264	26.548267	
50.343063	41.873116	34.966606	29.513365	25.245377	21.894457	19.241795	17.122274	15.414999	14.032206	12.910057	12.001839	11.273190	10.698818	10.260298	9.944643	9.743449	9.652509	9.671818	9.806001	10.065213	10.466639	11.036785	11.814816	12.857092	14.242698	16.078127	18.495102	21.625763	25.523804	
47.316551	37.168854	29.677233	24.238899	20.250923	17.267929	14.988704	13.213954	11.811196	10.690938	9.791549	9.069790	8.494877	8.044741	7.703663	7.460796	7.309334	7.246125	7.271724	7.390851	7.613392	7.956152	8.445733	9.123203	10.051624	11.327921	13.100412	15.589909	19.096378	23.920073	
41.773521	29.836784	22.371426	17.558985	14.303865	11.996839	10.296436	9.004286	8.000062	7.207647	6.577059	6.074447	5.676344	5.366273	5.132694	4.967773	4.866701	4.827393	4.850538	4.940007	5.103744	5.355363	5.716965	6.224082	6.934692	7.946110	9.427486	11.682131	15.256788	21.059885	
29.954830	18.054598	12.440817	9.356314	7.449271	6.165163	5.246888	4.561995	4.036121	3.624566	3.298977	3.040620	2.836735	2.678483	2.559739	2.476388	2.425937	2.407349	2.421074	2.469300	2.556465	2.690252	2.883358	3.156847	3.546784	4.118435	4.999540	6.466688	9.195246	15.063373	
