Las teperaturas son: 
79.773003	87.455505	90.954330	92.775284	93.820419	94.460129	94.866249	95.127304	95.292824	95.392273	95.443924	95.459236	95.445305	95.406090	95.343216	95.256271	95.142853	94.998451	94.815994	94.585022	94.290344	93.909576	93.409012	92.735687	91.801880	90.451996	88.384888	84.952316	78.575798	64.870491	
71.638123	79.095337	83.586243	86.325172	88.044258	89.151001	89.873940	90.345810	90.646729	90.826820	90.918137	90.941277	90.909081	90.828789	90.703323	90.531715	90.309387	90.027710	89.673386	89.226845	88.660095	87.932648	86.984871	85.726349	84.014816	81.616714	78.131294	72.845215	64.477592	50.903999	
67.690041	73.707947	77.977028	80.902206	82.888023	84.233421	85.140625	85.743195	86.129364	86.357925	86.468140	86.485970	86.427879	86.303230	86.115631	85.863480	85.540268	85.134094	84.626762	83.992050	83.193077	82.177902	80.872673	79.170593	76.914291	73.868088	69.677063	63.817879	55.583057	44.265114	
65.424339	70.081787	73.726013	76.434586	78.389679	79.772797	80.731728	81.377518	81.790771	82.028877	82.132111	82.128006	82.034325	81.861198	81.612236	81.285126	80.871841	80.358116	79.722580	78.935089	77.954224	76.723534	75.165932	73.175888	70.608688	67.267532	62.892578	57.166004	49.769844	40.570030	
63.940178	67.487152	70.432343	72.745247	74.490799	75.766197	76.667725	77.277756	77.661865	77.870071	77.939224	77.895378	77.755661	77.529739	77.220642	76.825287	76.334503	75.732681	74.996918	74.095665	72.986832	71.614983	69.907745	67.771576	65.087326	61.708115	57.464108	52.185249	45.759056	38.241234	
62.868149	65.518509	67.800102	69.656776	71.099548	72.174400	72.939072	73.450111	73.756882	73.899590	73.909370	73.808823	73.613098	73.330467	72.962975	72.506752	71.951889	71.282272	70.474823	69.498688	68.313820	66.869431	65.102219	62.935005	60.276558	57.024952	53.077854	48.355141	42.839214	36.631393	
62.037102	63.948700	65.629211	67.024376	68.123573	68.944641	69.519775	69.885620	70.077248	70.125153	70.053925	69.881966	69.621574	69.279190	68.855621	68.346176	67.740646	67.022995	66.171051	65.155930	63.941353	62.482956	60.728012	58.615810	56.079807	53.052856	49.477509	45.323311	40.611237	35.440151	
61.358826	62.645664	63.787128	64.738510	65.482651	66.023315	66.377075	66.566582	66.615669	66.546371	66.377136	66.121986	65.790192	65.386124	64.909271	64.354279	63.710770	62.963352	62.091347	61.068573	59.863213	58.437805	56.749786	54.752907	52.400108	49.648796	46.469231	42.856178	38.842869	34.512527	
60.783646	61.529015	62.185371	62.718441	63.111328	63.361626	63.477047	63.471054	63.359310	63.157063	62.877480	62.530579	62.122711	61.656235	61.129387	60.536163	59.866325	59.105301	58.234211	57.229847	56.064880	54.708313	53.126442	51.284607	49.150101	46.696640	43.910477	40.797897	37.392780	33.761276	
60.281452	60.547386	60.763397	60.904713	60.957363	60.917168	60.787315	60.575619	60.292099	59.946892	59.548912	59.104790	58.618271	58.089859	57.516624	56.892105	56.206234	55.445419	54.592590	53.627422	52.526718	51.265076	49.815975	48.153557	46.255135	44.104652	41.696960	39.042446	36.170982	33.133595	
59.832726	59.666275	59.478470	59.252701	58.979004	58.653687	58.278069	57.856789	57.396175	56.902714	56.382030	55.837975	55.272095	54.683281	54.067600	53.418179	52.725220	51.976044	51.155319	50.245316	49.226368	48.077667	46.778286	45.308716	43.652946	41.800980	39.751740	37.515862	35.117695	32.595634	
59.423981	58.861202	58.299042	57.727951	57.142227	56.539864	55.921947	55.291538	54.652695	54.009392	53.364761	52.720444	52.076160	51.429436	50.775452	50.107010	49.414547	48.686268	47.908340	47.065243	46.140282	45.116222	43.976303	42.705467	41.291946	39.729050	38.017097	36.165039	34.191505	32.124542	
59.045269	58.113708	57.200603	56.302647	55.418362	54.548069	53.693535	52.857307	52.042110	51.250217	50.482891	49.739990	49.019711	48.318390	47.630455	46.948387	46.262852	45.562767	44.835609	44.067696	43.244675	42.352081	41.376205	40.304993	39.129211	37.843742	36.448742	34.950645	33.362595	31.704144	
58.688671	57.408897	56.162899	54.953072	53.782120	52.652996	51.568657	50.531746	49.544258	48.607231	47.720467	46.882347	46.089729	45.337898	44.620537	43.929863	43.256645	42.590439	41.919769	41.232464	40.516029	39.758141	38.947250	38.073315	37.128551	36.108299	35.011734	33.842438	32.608547	31.322468	
58.347332	56.733715	55.167870	53.657677	52.209976	50.830460	49.523552	48.292267	47.138142	46.061203	45.059982	44.131485	43.271343	42.473778	41.731781	41.037220	40.380924	39.752922	39.142624	38.539101	37.931351	37.308701	36.661232	35.980232	35.258698	34.491848	33.677467	32.816238	31.911734	30.970194	
58.014763	56.075752	54.198212	52.395519	50.678696	49.056244	47.534061	46.115517	44.801704	43.591629	42.482468	41.469860	40.548092	39.710335	38.948795	38.254906	37.619492	37.032967	36.485462	35.967087	35.468124	34.979275	34.491909	33.998306	33.491920	32.967567	32.421547	31.851734	31.257517	30.639647	
57.684269	55.422180	53.235977	51.144829	49.164089	47.304996	45.574734	43.976814	42.511536	41.176586	39.967602	38.878571	37.902290	37.030697	36.255112	35.566452	34.955456	34.412807	33.929298	33.495987	33.104336	32.746304	32.414444	32.101967	31.802704	31.511101	31.222063	30.930868	30.632996	30.324100	
57.348385	54.758747	52.261303	49.881653	47.639660	45.549118	43.618073	41.849564	40.242519	38.792747	37.493790	36.337616	35.315239	34.417122	33.633537	32.954792	32.371437	31.874388	31.455069	31.105492	30.818302	30.586784	30.404785	30.266582	30.166634	30.099253	30.058245	30.036545	30.025967	30.017185	
56.998238	54.068581	51.250912	48.578247	46.075161	43.757572	41.633575	39.704727	37.967598	36.415199	35.038242	33.826115	32.767593	31.851414	31.066580	30.402676	29.849998	29.399704	29.043858	28.775503	28.588619	28.478020	28.439144	28.467749	28.559378	28.708759	28.909103	29.151402	29.423965	29.712379	
56.622604	53.330589	50.176182	47.201149	44.434868	41.894531	39.586842	37.510284	35.657551	34.017563	32.577240	31.322620	30.239763	29.315313	28.536833	27.893053	27.374008	26.971088	26.677105	26.486275	26.394144	26.397400	26.493572	26.680525	26.955685	27.315063	27.752113	28.256504	28.813238	29.402420	
56.206604	52.517212	49.000431	45.708580	42.675507	39.917900	37.438671	35.230797	33.280907	31.572193	30.086475	28.805613	27.712385	26.791019	26.027473	25.409559	24.927029	24.571594	24.336910	24.218576	24.214005	24.322229	24.543522	24.878756	25.328365	25.890997	26.561655	27.329762	28.177399	29.078548	
55.729553	51.590775	47.674934	44.046902	40.743526	37.777603	35.144245	32.827251	30.804295	29.050669	27.541679	26.254116	25.166962	24.261799	23.522846	22.937017	22.493837	22.185425	22.006428	21.954027	22.027843	22.229778	22.563644	23.034458	23.647249	24.405201	25.307026	26.343771	27.495525	28.729353	
55.161251	50.497711	46.132858	42.145668	38.571869	35.413879	32.652580	30.257324	28.193045	26.424664	24.919533	23.648581	22.586683	21.712666	21.009087	20.462044	20.060963	19.798473	19.670362	19.675571	19.816227	20.097584	20.527830	21.117477	21.878143	22.820316	23.949791	25.262611	26.739107	28.338869	
54.455200	49.158409	44.279663	39.910667	36.076019	32.755852	29.906738	27.476425	25.412613	23.667381	22.198952	20.972008	19.957340	19.131226	18.474829	17.973679	17.617279	17.398920	17.315609	17.368141	17.561295	17.904026	18.409611	19.095417	19.982021	21.090931	22.440193	24.036953	25.866947	27.883144	
53.535278	47.449104	41.977882	37.214645	33.150185	29.721340	26.845528	24.440077	22.430971	20.755632	19.362820	18.211315	17.268417	16.508518	15.911915	15.463990	15.154621	14.977879	14.931991	15.019534	15.247823	15.629515	16.183289	16.934427	17.914810	19.161526	20.712410	22.596357	24.816006	27.323530	
52.267273	45.167984	39.023239	33.886108	29.665203	26.219505	23.407845	21.108299	19.222317	17.672756	16.400135	15.358883	14.514230	13.839832	13.316035	12.928679	12.668351	12.530029	12.513058	12.621455	12.864595	13.258249	13.826036	14.601238	15.628607	16.965322	18.678862	20.837284	23.484428	26.592457	
50.392311	41.970123	35.109478	29.699804	25.472687	22.159595	19.541386	17.452650	15.772231	14.412157	13.308407	12.414150	11.694939	11.125446	10.687264	10.367477	10.157803	10.054193	10.056866	10.170700	10.406149	10.780734	11.321328	12.067481	13.075972	14.426304	16.225407	18.605434	21.698957	25.560081	
47.354057	37.242764	29.786129	24.381039	20.424274	17.470196	15.217323	13.466145	12.083977	10.981155	10.095917	9.384919	8.817314	8.371004	8.030279	7.784343	7.626476	7.553655	7.566592	7.670203	7.874604	8.196854	8.663834	9.316908	10.219458	11.468733	13.213384	15.674555	19.152538	23.947912	
41.798855	29.886732	22.445044	17.655106	14.421128	12.133697	10.451167	9.175018	8.184785	7.404233	6.783288	6.288028	5.894938	5.587520	5.354239	5.187291	5.081927	5.036145	5.050741	5.129719	5.281173	5.518895	5.865169	6.355735	7.048781	8.041845	9.504303	11.739695	15.294990	21.078827	
29.967649	18.079868	12.478071	9.404969	7.508643	6.234472	5.325271	4.648505	4.129744	3.724226	3.403552	3.148949	2.947633	2.790753	2.672187	2.587834	2.535227	2.513374	2.522779	2.565693	2.646636	2.773374	2.958703	3.223787	3.604802	4.167127	5.038615	6.495973	9.214680	15.073010	
