Las teperaturas son: 
79.780327	87.469849	90.975304	92.802460	93.853363	94.498283	94.909058	95.174194	95.343170	95.445465	95.499329	95.516220	95.503220	95.464302	95.401131	95.313293	95.198418	95.052017	94.867073	94.633148	94.335091	93.950638	93.446030	92.768425	91.830124	90.475601	88.403763	84.966423	78.585121	64.875092	
71.652939	79.124336	83.628647	86.380135	88.110825	89.228111	89.960480	90.440598	90.748543	90.934402	91.030212	91.056519	91.026184	90.946533	90.820442	90.647034	90.421745	90.136055	89.776665	89.324165	88.750626	88.015671	87.059753	85.792572	84.071960	81.664452	78.169449	72.873703	64.496437	50.913307	
67.712418	73.751740	78.041092	80.985229	82.988564	84.349907	85.271324	85.886353	86.283142	86.520416	86.637405	86.660049	86.604820	86.481110	86.292572	86.037689	85.710030	85.297760	84.782799	84.139084	83.329865	82.303352	80.985825	79.270660	77.000610	73.940224	69.734734	63.860931	55.611526	44.279194	
65.454247	70.140297	73.811623	76.545563	78.524078	79.928497	80.906448	81.568901	81.996353	82.246140	82.358437	82.360764	82.270912	82.099075	81.848869	81.518127	81.098869	80.577011	79.931313	79.131790	78.137230	76.891357	75.317307	73.309753	70.724182	67.364044	62.969719	57.223602	49.807938	40.588860	
63.977467	67.560143	70.539146	72.883690	74.658478	75.960480	76.885796	77.516632	77.918457	78.141235	78.221725	78.185936	78.051041	77.826736	77.516106	77.116219	76.618019	76.006042	75.257599	74.341339	73.215408	71.824615	70.096840	67.938782	65.231628	61.828697	57.560497	52.257217	45.806637	38.264755	
62.912621	65.605560	67.927460	69.821869	71.299515	72.406113	73.199165	73.735062	74.062996	74.223114	74.246429	74.155548	73.965584	73.684906	73.315651	72.854042	72.290359	71.608643	70.786087	69.792053	68.586792	67.119766	65.328049	63.134712	60.448887	57.168983	53.192986	48.441109	42.896065	36.659489	
62.088425	64.049149	65.776184	67.214912	68.354362	69.212097	69.820038	70.214615	70.430740	70.498756	70.443207	70.282448	70.028778	69.688690	69.263115	68.747520	68.131790	67.400208	66.530838	65.495056	64.256927	62.772396	60.989113	58.846725	56.279076	53.219406	49.610657	45.422733	40.676987	35.472645	
61.416542	62.758652	63.952492	64.952911	65.742386	66.324356	66.715073	66.936981	67.013702	66.967133	66.815598	66.573120	66.248947	65.847519	65.368484	64.806564	64.151649	63.388573	62.496948	61.450935	60.219044	58.764198	57.044247	55.013344	52.624870	49.836678	46.619423	42.968346	38.917046	34.549202	
60.847248	61.653534	62.367630	62.954803	63.397705	63.693588	63.849823	63.879631	63.798443	63.621323	63.361351	63.028492	62.629112	62.165646	61.636421	61.035633	60.353264	59.575001	58.682297	57.652294	56.458061	55.069004	53.451866	51.572464	49.398567	46.904343	44.076530	40.921913	37.474800	33.801823	
60.350323	60.682251	60.960831	61.160782	61.267693	61.276970	61.191422	61.018604	60.768280	60.450417	60.073803	59.644997	59.167770	58.642700	58.066978	57.434319	56.734917	55.955463	55.079224	54.086273	52.953831	51.656937	50.169563	48.466362	46.525154	44.330395	41.877460	39.177261	36.260159	33.177685	
59.906166	59.810143	59.689117	59.525978	59.310242	59.037796	58.709572	58.329899	57.904831	57.440685	56.942924	56.415344	55.859497	55.274353	54.656113	53.998089	53.290733	52.521702	51.676014	50.736347	49.683502	48.497139	47.156834	45.643639	43.942078	42.042721	39.945057	37.660263	35.213223	32.642868	
59.501259	59.012589	58.520760	58.015648	57.491013	56.944412	56.376503	55.790028	55.188747	54.576447	53.956100	53.329269	52.695694	52.052963	51.396393	50.718987	50.011444	49.262302	48.458099	47.583771	46.623077	45.559296	44.376213	43.059338	41.597473	39.984535	38.221428	36.317688	34.292496	32.174480	
59.125565	58.271046	57.431080	56.601765	55.781078	54.968872	54.166462	53.376060	52.600090	51.840599	51.098679	50.374123	49.665131	48.968105	48.277603	47.586319	46.885174	46.163452	45.409000	44.608604	43.748383	42.814430	41.793583	40.674366	39.448181	38.110497	36.662117	35.110062	33.468079	31.756306	
58.771118	57.570492	56.399666	55.260429	54.154930	53.085617	52.054993	51.065331	50.118336	49.214787	48.354309	47.535225	46.754383	46.007118	45.287270	44.587219	43.898060	43.209671	42.510983	41.790276	41.035583	40.235111	39.377892	38.454487	37.457748	36.383652	35.232010	34.007042	32.717487	31.376345	
58.431042	56.897823	55.408390	53.969986	52.588890	51.270287	50.018116	48.835030	47.722229	46.679512	45.705208	44.796265	43.948250	43.155510	42.411129	41.707161	41.034760	40.384285	39.745548	39.108078	38.461391	37.795387	37.100723	36.369305	35.594780	34.773006	33.902420	32.984352	32.023003	31.025234	
58.098808	56.240578	54.439857	52.709389	51.059616	49.498528	48.031525	46.661621	45.389549	44.214073	43.132195	42.139435	41.230087	40.397350	39.633568	38.930374	38.278881	37.669823	37.093761	36.541264	36.003120	35.470604	34.935665	34.391232	33.831383	33.251595	32.648827	32.021606	31.369968	30.695282	
57.767742	55.585941	53.476139	51.456863	49.542908	47.744957	46.069740	44.520363	43.096802	41.796490	40.614849	39.545780	38.582050	37.715637	36.937988	36.240231	35.613342	35.048363	34.536491	34.069244	33.638592	33.237045	32.857765	32.494568	32.141953	31.795004	31.449287	31.100723	30.745453	30.379742	
57.430389	54.919666	52.497368	50.188469	48.012249	45.981987	44.105247	42.384670	40.818878	39.403389	38.131557	36.995239	35.985413	35.092598	34.307167	33.619606	33.020737	32.501808	32.054634	31.671669	31.346073	31.071674	30.842907	30.654663	30.502033	30.379986	30.282969	30.204567	30.137224	30.072239	
57.077881	54.224907	51.480335	48.876522	46.437492	44.178661	42.107643	40.225609	38.528793	37.009956	35.659615	34.467026	33.420929	32.510094	31.723639	31.051315	30.483667	30.012171	29.629276	29.328457	29.104187	28.951801	28.867327	28.847099	28.887293	28.983276	29.128885	29.315754	29.532814	29.766249	
56.699024	53.480652	50.396481	47.487659	44.783031	42.299278	40.042656	38.011276	36.197487	34.589981	33.175457	31.939838	30.869133	29.950018	29.170151	28.518429	27.985109	27.561901	27.241966	27.019943	26.891840	26.854866	26.907097	27.046970	27.272514	27.580351	27.964540	28.415379	28.918480	29.454512	
56.278996	52.659401	49.209240	45.980247	43.005749	40.301949	37.871323	35.706474	33.793739	32.116043	30.655012	29.392387	28.310902	27.394791	26.630096	26.004787	25.508835	25.134228	24.874971	24.727047	24.688316	24.758299	24.937798	25.228210	25.630573	26.144087	26.764359	27.481394	28.277855	29.128283	
55.797142	51.723591	47.870037	44.300831	41.052319	38.136826	35.549065	33.272484	31.284452	29.560028	28.074335	26.804024	25.728050	24.827976	24.088114	23.495506	23.039881	22.713617	22.511679	22.431614	22.473457	22.639565	22.934225	23.362989	23.931412	24.643225	25.497704	26.486431	27.590052	28.776157	
55.223335	50.619759	46.312195	42.379162	38.855900	35.744411	33.025192	30.667278	28.635303	26.893967	25.410454	24.155565	23.104126	22.234959	21.530693	20.977543	20.565113	20.286274	20.137093	20.116858	20.228065	20.476395	20.870480	21.421310	22.140995	23.040533	24.126230	25.394644	26.826611	28.382198	
54.511131	49.268394	44.441349	40.121246	36.332256	33.054146	30.243118	27.846630	25.812119	24.091455	22.642698	21.430416	20.425346	19.603760	18.946878	18.440325	18.073778	17.840733	17.738447	17.768024	17.934582	18.247452	18.720320	19.370987	20.220474	21.290745	22.600315	24.156792	25.946379	27.922482	
53.584469	47.545868	42.120193	37.400051	33.375862	29.984140	27.141989	24.766449	22.783289	21.129734	19.754395	18.615950	17.681644	16.925861	16.328945	15.876365	15.558134	15.368508	15.305939	15.373265	15.578103	15.933439	16.458321	17.178398	18.125961	19.338491	20.854248	22.702534	24.886387	27.358395	
52.309208	45.250504	39.144634	34.044312	29.857845	26.443909	23.661068	21.387161	19.523438	17.992592	16.735008	15.705024	14.867819	14.197044	13.673077	13.281826	13.013997	12.864723	12.833532	12.924675	13.147777	13.518888	14.061943	14.810550	15.809792	17.117201	18.800611	20.928436	23.544863	26.622395	
50.426537	42.037491	35.208614	29.829041	25.630106	22.343014	19.748421	17.680714	16.018578	14.673885	13.582519	12.697563	11.984529	11.418080	10.979834	10.656930	10.441175	10.328650	10.319723	10.419456	10.638515	10.994648	11.514982	12.239332	13.224754	14.551041	16.325413	18.680313	21.748611	25.584686	
47.380180	37.294201	29.861835	24.479761	20.544554	17.610380	15.375599	13.640545	12.272402	11.181404	10.305691	9.601867	9.039047	8.595124	8.254402	8.006130	7.843654	7.764045	7.768132	7.860971	8.052837	8.360966	8.812428	9.448795	10.333661	11.564493	13.290170	15.732058	19.190674	23.966812	
41.816540	29.921560	22.496313	17.721977	14.502622	12.228700	10.558460	9.293269	8.312576	7.540073	6.925625	6.435266	6.045459	5.739695	5.506448	5.337947	5.229483	5.179118	5.187727	5.259407	5.402362	5.630499	5.966237	6.445451	7.126479	8.107006	9.556564	11.778835	15.320946	21.091690	
29.976610	18.097519	12.504059	9.438869	7.549961	6.282655	5.379696	4.708502	4.194595	3.793176	3.475815	3.223715	3.024081	2.868057	2.749524	2.664395	2.610228	2.586058	2.592431	2.631645	2.708274	2.830146	3.010122	3.269438	3.644341	4.200290	5.065215	6.515899	9.227896	15.079562	
