Las teperaturas son: 
79.794815	87.498184	91.016769	92.856201	93.918411	94.573639	94.993652	95.266830	95.442673	95.550583	95.608795	95.628784	95.617599	95.579315	95.515549	95.425903	95.308144	95.157806	94.967911	94.728180	94.423531	94.031708	93.519165	92.833084	91.885925	90.522232	88.441025	84.994232	78.603531	64.884201	
71.682220	79.181633	83.712463	86.488770	88.242355	89.380478	90.131485	90.627899	90.949707	91.146927	91.251534	91.284134	91.257523	91.179085	91.051758	90.874741	90.643600	90.349937	89.980591	89.516342	88.929428	88.179626	87.207626	85.923340	84.184799	81.758766	78.244827	72.930008	64.533676	50.931717	
67.756622	73.838257	78.167648	81.149261	83.187210	84.580017	85.529594	86.169235	86.586975	86.841423	86.971725	87.003830	86.954239	86.832382	86.641991	86.381676	86.045181	85.620895	85.090927	84.429443	83.600006	82.551071	81.209267	79.468231	77.171112	74.082726	69.848648	63.945999	55.667801	44.306999	
65.513321	70.255928	73.980804	76.764847	78.789627	80.236160	81.251770	81.947159	82.402634	82.675385	82.805511	82.820526	82.738251	82.568886	82.316238	81.978256	81.547226	81.009285	80.343498	79.520233	78.498611	77.222771	75.616241	73.574104	70.952309	67.554718	63.122154	57.337440	49.883236	40.626083	
64.051186	67.704453	70.750305	73.157394	74.989960	76.344543	77.316864	77.988838	78.425690	78.677185	78.779984	78.760078	78.634644	78.413467	78.099808	77.690933	77.178055	76.546028	75.772499	74.826614	73.666901	72.238663	70.470322	68.269089	65.516655	62.066944	57.750969	52.399456	45.900730	38.311264	
63.000561	65.777702	68.179367	70.148430	71.695038	72.864410	73.713608	74.298630	74.668404	74.862862	74.912857	74.840988	74.662384	74.385498	74.012650	73.540344	72.959152	72.253525	71.401062	70.371666	69.126068	67.614395	65.774231	63.529312	60.789421	57.453621	53.420559	48.611057	43.008484	36.715057	
62.189960	64.247925	66.067078	67.592056	68.811218	69.741501	70.414360	70.865753	71.130280	71.238037	71.213409	71.074677	70.834198	70.498566	70.068909	69.540970	68.905075	68.145889	67.242004	66.165367	64.880630	63.344467	61.505188	59.303177	56.673019	53.548706	49.873940	45.619362	40.807056	35.536945	
61.530884	62.982517	64.280121	65.377708	66.257019	66.920769	67.384697	67.670700	67.802048	67.800331	67.683746	67.466187	67.156967	66.760651	66.277084	65.701355	65.023758	64.229630	63.299141	62.207085	60.922688	59.409641	57.626556	55.528397	53.069412	50.208290	46.916550	43.190262	39.063850	34.621773	
60.973396	61.900539	62.729187	63.423653	63.965759	64.352005	64.589127	64.689796	64.669029	64.541557	64.320267	64.015060	63.632320	63.174595	62.640503	62.024559	61.317204	60.504715	59.569122	58.488312	57.236092	55.782730	54.095818	52.142090	49.890228	47.315388	44.405201	41.167404	37.637207	33.882118	
60.487129	60.950150	61.353020	61.669426	61.884048	61.991470	61.993813	61.898018	61.713394	61.449574	61.115093	60.716446	60.257416	59.738731	59.157837	58.508846	57.782429	56.965874	56.043133	54.995049	53.799660	52.432922	50.869751	49.085777	47.059841	44.777443	42.234947	39.444283	36.436821	33.265030	
60.052315	60.096375	60.108215	60.069603	59.969074	59.801655	59.567513	59.270340	58.915680	58.509483	58.056976	57.561821	57.025612	56.447460	55.823845	55.148476	54.412346	53.603714	52.708355	51.709740	50.589577	49.328476	47.907043	46.307373	44.515076	42.521835	40.328217	37.946480	35.402596	32.736504	
59.655289	59.314327	58.962616	58.588890	58.185879	57.750183	57.281662	56.782391	56.255592	55.704632	55.132236	54.539841	53.927185	53.292015	52.629944	51.934395	51.196606	50.405769	49.549217	48.612709	47.580963	46.438274	45.169502	43.761261	42.203506	40.491302	38.626740	36.620487	34.492855	32.273560	
59.285904	58.585213	57.891224	57.198849	56.504971	55.808456	55.109787	54.410454	53.712322	53.016983	52.325279	51.636848	50.949890	50.260963	49.564926	48.854904	48.122379	47.357307	46.548347	45.683155	44.748871	43.732628	42.622353	41.407776	40.081459	38.640106	37.085735	35.426559	33.677525	31.859890	
58.936111	57.893829	56.873344	55.875206	54.900414	53.950409	53.026825	52.131199	51.264622	50.427429	49.618954	48.837349	48.079464	47.340786	46.615448	45.896294	45.174957	44.442024	43.687241	42.899818	42.068779	41.183434	40.233978	39.212158	38.112061	36.930912	35.669800	34.334152	32.933968	31.483414	
58.598938	57.226925	55.890625	54.595993	53.348156	52.151249	51.008350	49.921295	48.890694	47.915859	46.994827	46.124359	45.300034	44.516304	43.766575	43.043346	42.338318	41.642578	40.946762	40.241325	39.516830	38.764267	37.975479	37.143593	36.263535	35.332405	34.349968	33.318798	32.244366	31.134724	
58.267838	56.571953	54.925518	53.339981	51.824623	50.386356	49.029694	47.756836	46.567898	45.461143	44.433262	43.479610	42.594437	41.771072	41.002148	40.279747	39.595551	38.941002	38.307476	37.686497	37.069893	36.450035	35.820084	35.174183	34.507698	33.817398	33.101555	32.359970	31.593948	30.806080	
57.936073	55.916019	53.960007	52.085289	50.305450	48.630142	47.065166	45.612839	44.272469	43.041008	41.913544	40.883785	39.944481	39.087715	38.305214	37.588520	36.929214	36.319000	35.749916	35.214405	34.705471	34.216732	33.742546	33.277962	32.818741	32.361279	31.902449	31.439449	30.969696	30.490688	
57.596184	55.244865	52.974224	50.807938	48.764126	46.854996	45.087227	43.462646	41.979218	40.631981	39.413929	38.316734	37.331326	36.448318	35.658371	34.952385	34.321724	33.758316	33.254784	32.804512	32.401657	32.041153	31.718605	31.430126	31.172073	30.940693	30.731731	30.540045	30.359344	30.182144	
57.239357	54.541725	51.945007	49.480324	47.170536	45.030022	43.065510	41.277382	39.661217	38.209282	36.911736	35.757645	34.735695	33.834740	33.044167	32.354107	31.755640	31.240898	30.803123	30.436680	30.137009	29.900537	29.724428	29.606216	29.543306	29.532326	29.568378	29.644348	29.750404	29.873924	
56.854424	53.785629	50.843918	48.069225	45.489265	43.119728	40.965973	39.025368	37.289612	35.746910	34.383614	33.185436	32.138336	31.229053	30.445488	29.776911	29.214085	28.749340	28.376591	28.091331	27.890518	27.772400	27.736153	27.781364	27.907257	28.111679	28.389908	28.733458	29.129131	29.558769	
56.426624	52.949215	49.634563	46.533226	43.677441	41.082478	38.749950	36.671738	34.833542	33.217819	31.805859	30.579189	29.520470	28.614016	27.846073	27.204962	26.681116	26.267124	25.957695	25.749626	25.641674	25.634354	25.729500	25.929638	26.236919	26.651718	27.170811	27.785370	28.479195	29.227943	
55.935402	51.995094	48.268597	44.819145	41.682083	38.868824	36.373283	34.178207	32.260372	30.594376	29.155014	27.918739	26.864420	25.973688	25.231035	24.623821	24.142214	23.779133	23.530212	23.393753	23.370632	23.464138	23.679543	24.023422	24.502415	25.121344	25.880579	26.772816	27.779764	28.870075	
55.350723	50.869968	46.679607	42.857090	39.436756	36.419739	33.785797	31.503304	29.536354	27.849213	26.408733	25.185535	24.154356	23.294067	22.587460	22.021038	21.584793	21.272102	21.079643	21.007391	21.058626	21.239880	21.560692	22.033016	22.669952	23.483517	24.481022	25.660057	27.002453	28.469261	
54.626236	49.494545	44.773506	40.553436	36.857662	33.665165	30.931473	28.603443	26.628004	24.956623	23.547070	22.363720	21.377230	20.563910	19.905121	19.386742	18.998791	18.735224	18.593834	18.576359	18.688618	18.940720	19.347157	19.926617	20.701012	21.693233	22.922718	24.398006	26.106209	28.001627	
53.686012	47.745422	42.413345	37.781586	33.839809	30.523823	27.750134	25.435242	23.504459	21.894655	20.554167	19.441498	18.523825	17.775547	17.177130	16.714254	16.377247	16.160748	16.063692	16.089468	16.246317	16.547905	17.013996	17.671030	18.552078	19.695450	21.140217	22.916515	25.028194	27.428623	
52.396015	45.421143	39.395370	34.370728	30.254860	26.905842	24.181728	21.959881	20.141155	18.647938	17.420370	16.412638	15.589847	14.925667	14.400562	14.000628	13.716828	13.544626	13.483961	13.539548	13.721546	14.046593	14.539238	15.233751	16.175907	17.423939	19.046381	21.112358	23.666763	26.682774	
50.497562	42.177139	35.413872	30.096321	25.955265	22.721439	20.175053	18.150108	16.524963	15.211235	14.144603	13.278021	12.576936	12.016018	11.576959	11.247043	11.018285	10.887035	10.853992	10.924606	11.109976	11.428325	11.907289	12.587228	13.525759	14.803259	16.527523	18.831583	21.848883	25.634356	
47.434509	37.401051	30.018927	24.684361	20.793518	17.900188	15.702395	14.000174	12.660456	11.593267	10.736602	10.046951	9.493382	9.053789	8.712530	8.458958	8.286581	8.192674	8.178319	8.248861	8.414911	8.694068	9.113794	9.716083	10.564951	11.758314	13.445501	15.848326	19.267752	24.004993	
41.853394	29.994049	22.602901	17.860828	14.671613	12.425455	10.780371	9.537521	8.576184	7.819911	7.218457	6.737785	6.354322	6.051555	5.817996	5.645944	5.530793	5.470747	5.466848	5.523394	5.648811	5.857258	6.171417	6.627450	7.283986	8.239011	9.662363	11.858036	15.373455	21.117701	
29.995314	18.134314	12.558168	9.509370	7.635783	6.382591	5.492426	4.832603	4.328554	3.935405	3.624672	3.377522	3.181139	3.026664	2.907996	2.821084	2.763537	2.734460	2.734488	2.766016	2.833735	2.945595	3.114596	3.362117	3.724557	4.267524	5.119106	6.556244	9.254647	15.092815	
