Las teperaturas son: 
79.798355	87.505119	91.026917	92.869370	93.934380	94.592148	95.014404	95.289566	95.467094	95.576385	95.635681	95.656418	95.645699	95.607529	95.543594	95.453537	95.335037	95.183746	94.992653	94.751503	94.445213	94.051598	93.537094	92.848953	91.899612	90.533669	88.450188	85.001091	78.608055	64.886444	
71.689377	79.195663	83.733017	86.515411	88.274643	89.417900	90.173477	90.673874	90.999077	91.199089	91.305870	91.339981	91.314301	91.236145	91.108490	90.930611	90.698036	90.402412	90.030640	89.563522	88.973305	88.219849	87.243904	85.955421	84.212479	81.781921	78.263351	72.943832	64.542816	50.936245	
67.767441	73.859467	78.198700	81.189522	83.235947	84.636505	85.593002	86.238678	86.661545	86.920212	87.053787	87.088211	87.040001	86.918594	86.727722	86.466095	86.127441	85.700180	85.166527	84.500717	83.666306	82.611862	81.264084	79.516724	77.212959	74.117706	69.876617	63.966885	55.681610	44.313835	
65.527817	70.284317	74.022324	76.818680	78.854828	80.311699	81.336540	82.040016	82.502365	82.780762	82.915283	82.933411	82.852989	82.684219	82.430923	82.091171	81.657249	81.115364	80.444626	79.615555	78.587303	77.304100	75.689590	73.638992	71.008308	67.601524	63.159573	57.365379	49.901722	40.635223	
64.069298	67.739883	70.802147	73.224594	75.071350	76.438858	77.422722	78.104790	78.550247	78.808792	78.917061	78.901054	78.777939	78.557518	78.243111	77.832001	77.315498	76.678543	75.898872	74.945702	73.777718	72.340302	70.561989	68.350159	65.586639	62.125443	57.797737	52.434387	45.923836	38.322685	
63.022171	65.820000	68.241257	70.228645	71.792198	72.976997	73.839996	74.437088	74.817131	75.020004	75.076553	75.009338	74.833496	74.557526	74.183800	73.708847	73.123352	72.411835	71.552048	70.513954	69.258469	67.735809	65.883759	63.626190	60.873032	57.523521	53.476440	48.652802	43.036098	36.728722	
62.214920	64.296791	66.138603	67.684784	68.923538	69.871658	70.560455	71.025810	71.302216	71.419724	71.402672	71.269333	71.032059	70.697495	70.266823	69.735847	69.095001	68.329018	67.416641	66.329971	65.033798	63.484947	61.631912	59.415268	56.769760	53.629585	49.938599	45.667656	40.839012	35.552746	
61.559006	63.037579	64.360718	65.482224	66.383621	67.067505	67.549416	67.851166	67.995926	68.005219	67.897186	67.685730	67.380157	66.985077	66.500366	65.921219	65.238037	64.436264	63.496212	62.392841	61.095543	59.568192	57.769592	55.654922	53.178616	50.299591	46.989552	43.244789	39.099930	34.639610	
61.004459	61.961365	62.818199	63.539089	64.105629	64.514114	64.771149	64.889236	64.883293	64.768021	64.556221	64.257790	63.879097	63.422752	62.887409	62.267712	61.554195	60.733261	59.787109	58.693790	57.427315	55.958141	54.254078	52.282085	50.011070	47.416412	44.485985	41.227745	37.677132	33.901855	
60.520851	61.016197	61.449696	61.794796	62.035957	62.167542	62.191528	62.114689	61.946205	61.695652	61.371521	60.980263	60.525661	60.008499	59.426292	58.773235	58.040146	57.214424	56.280228	55.218552	54.007668	52.623749	51.041931	49.238106	47.191341	44.887375	42.322865	39.509949	36.480267	33.286514	
60.088387	60.167023	60.211639	60.203735	60.131630	59.990101	59.779137	59.502277	59.164948	58.772984	58.331581	57.844360	57.312935	56.736446	56.111450	55.431763	54.688503	53.870087	52.962463	51.949303	50.812553	49.533051	48.091644	46.470684	44.656078	42.639725	40.422493	38.016914	35.449196	32.759556	
59.693359	59.388901	59.071808	58.730526	58.357533	57.949207	57.505199	57.027424	56.518955	55.983078	55.422447	54.838474	54.230904	53.597534	52.934044	52.233963	51.488659	50.687508	49.818020	48.866158	47.816883	46.654747	45.364845	43.934090	42.352722	40.616089	38.726540	36.695049	34.542194	32.297951	
59.325600	58.662971	58.005112	57.346596	56.684055	56.016113	55.343048	54.666183	53.987213	53.307663	52.628284	51.948689	51.267086	50.580086	49.882607	49.167877	48.427536	47.651726	46.829277	45.948082	44.995495	43.958935	42.826607	41.588490	40.237503	38.770615	37.190117	35.504555	33.729134	31.885414	
58.977020	57.973991	56.990761	56.027557	55.085114	54.164619	53.267487	52.395073	51.548325	50.727463	49.931759	49.159325	48.407009	47.670357	46.943584	46.219612	45.490246	44.746243	43.977558	43.173618	42.323700	41.417385	40.445141	39.399017	38.273426	37.065872	35.777756	34.414825	32.987358	31.509823	
58.640640	57.308662	56.010361	54.751389	53.536579	52.369812	51.253933	50.190613	49.180305	48.222198	47.314243	46.453194	45.634621	44.853004	44.101849	43.373756	42.660561	41.953548	41.243561	40.521271	39.777500	39.003517	38.191460	37.334747	36.428612	35.470482	34.460434	33.401348	32.299004	31.161755	
58.309891	56.654396	55.046326	53.496796	52.014801	50.606995	49.277653	48.028805	46.860405	45.770603	44.756001	43.811909	42.932594	42.111420	41.341106	40.613834	39.921432	39.255520	38.607697	37.969704	37.333637	36.692139	36.038658	35.367653	34.674797	33.957184	33.213387	32.443550	31.649273	30.833448	
57.978027	55.998295	54.080589	52.241848	50.495361	48.850525	47.312889	45.884583	44.564789	43.350319	42.236187	41.216049	40.282661	39.428146	38.644302	37.922794	37.255322	36.633789	36.050430	35.497936	34.969543	34.459171	33.961449	33.471733	32.986130	32.501320	32.014503	31.523205	31.025143	30.518116	
57.637611	55.326103	53.093304	50.962574	48.951729	47.072746	45.332047	43.731262	42.268219	40.937836	39.733017	38.645393	37.665894	36.785187	35.993965	35.283257	34.644569	34.070007	33.552387	33.085327	32.663246	32.281334	31.935501	31.622154	31.337967	31.079498	30.842812	30.623074	30.414318	30.209345	
57.279789	54.621037	52.061287	49.631355	47.353806	45.242783	43.304768	41.539948	39.943771	38.508366	37.223812	36.079140	35.063034	34.164383	33.372620	32.677994	32.071728	31.546118	31.094587	30.711742	30.393270	30.135862	29.936966	29.794411	29.705906	29.668386	29.677277	29.725758	29.804306	29.900597	
56.893433	53.862144	50.956123	48.214996	45.666183	43.325165	41.197044	39.278999	37.562599	36.035927	34.685249	33.496239	32.454842	31.547840	30.763189	30.090248	29.519922	29.044704	28.658693	28.357601	28.138622	28.000267	27.941978	27.963640	28.064760	28.243488	28.495417	28.812340	29.181370	29.584621	
56.463768	53.022102	49.741459	46.672119	43.846062	41.278305	38.970257	36.913612	35.093929	33.493553	32.093689	30.875824	29.822609	28.918381	28.149452	27.504227	26.973269	26.549313	26.227255	26.004095	25.878822	25.852188	25.926292	26.103931	26.387545	26.777790	27.271736	27.860834	28.529171	29.252674	
55.970268	52.063522	48.368980	44.949615	41.840500	39.052849	36.580349	34.405586	32.505211	30.853695	29.425764	28.197826	27.148739	26.260149	25.516621	24.905586	24.417328	24.044907	23.784134	23.633499	23.594090	23.669422	23.865023	24.187714	24.644413	25.240208	25.975744	26.843979	27.826897	28.893404	
55.382904	50.933167	46.772339	42.977638	39.583157	36.589840	33.977245	31.713583	29.762825	28.089123	26.659267	25.443834	24.417545	23.559298	22.851921	22.282005	21.839642	21.518339	21.314936	21.229580	21.265747	21.430189	21.732666	22.185368	22.801647	23.593767	24.569302	25.726078	27.046183	28.490908	
54.655384	49.551781	44.857529	40.662670	36.990364	33.819374	31.105072	28.794155	26.833439	25.174294	23.774424	22.598164	21.616154	20.804729	20.145287	19.623774	19.230305	18.958948	18.807650	18.778297	18.876888	19.113728	19.503521	20.065157	20.820782	21.793514	23.003025	24.458075	26.146000	28.021324	
53.711773	47.796028	42.487656	37.878212	33.957214	30.660290	27.903786	25.604078	23.686359	22.087429	20.755550	19.649200	18.735538	17.988972	17.390015	16.924400	16.582531	16.359158	16.253342	16.268608	16.413357	16.701422	17.152761	17.793991	18.658394	19.784473	21.211517	22.969852	25.063530	27.446115	
52.418083	45.464500	39.459038	34.453548	30.355511	27.022858	24.313507	22.104704	20.297218	18.813362	17.593214	16.590935	15.771620	15.108942	14.583403	14.181145	13.893198	13.715117	13.646946	13.693524	13.865139	14.178579	14.658555	15.339495	16.267345	17.500511	19.107710	21.158243	23.697163	26.697823	
50.515659	42.212696	35.466095	30.164261	26.037844	22.817459	20.283207	18.268993	16.653093	15.347073	14.286564	13.424484	12.726275	12.166618	11.727226	11.395421	11.163277	11.027215	10.988020	11.051241	11.228085	11.536900	12.005449	12.674231	13.601002	14.866278	16.578003	18.869350	21.873905	25.646746	
47.448372	37.428307	30.058956	24.736450	20.856846	17.973835	15.785360	14.091385	12.758778	11.697520	10.845571	10.159395	9.608055	9.169447	8.827949	8.572943	8.397978	8.300386	8.281317	8.346191	8.505700	8.777539	9.189270	9.782982	10.622814	11.806783	13.484329	15.877380	19.287001	24.014526	
41.862812	30.012564	22.630108	17.896233	14.714662	12.475526	10.836782	9.599550	8.643061	7.890831	7.292594	6.814298	6.432362	6.130277	5.896564	5.723545	5.606643	5.544097	5.536995	5.589687	5.710658	5.914125	6.222842	6.673038	7.323416	8.272041	9.688824	11.877836	15.386576	21.124197	
30.000097	18.143723	12.571997	9.527368	7.657669	6.408051	5.521116	4.864153	4.362573	3.971486	3.662395	3.416460	3.220858	3.066735	2.947994	2.860593	2.802159	2.771814	2.770215	2.799784	2.865239	2.974567	3.140797	3.385346	3.744650	4.284357	5.132592	6.566335	9.261333	15.096127	
