Las teperaturas son: 
79.803261	87.514725	91.040985	92.887596	93.956436	94.617691	95.043076	95.320969	95.500824	95.612038	95.672798	95.694572	95.684479	95.646515	95.582367	95.491707	95.372238	95.219589	95.026833	94.783714	94.475174	94.079079	93.561897	92.870888	91.918549	90.549500	88.462852	85.010536	78.614304	64.889526	
71.699295	79.215073	83.761436	86.552231	88.319229	89.469536	90.231445	90.737366	91.067284	91.271149	91.380936	91.417160	91.392700	91.314972	91.186905	91.007812	90.773224	90.474884	90.099747	89.628632	89.033882	88.275436	87.294052	85.999771	84.250755	81.813911	78.288925	72.962944	64.555466	50.942490	
67.782433	73.888786	78.241600	81.245132	83.303299	84.714539	85.680580	86.334587	86.764587	87.029083	87.167191	87.204803	87.158463	87.037682	86.846176	86.582710	86.241043	85.809708	85.270958	84.599113	83.757843	82.695831	81.339828	79.583717	77.270767	74.166031	69.915276	63.995762	55.700714	44.323273	
65.547852	70.323517	74.079697	76.893051	78.944916	80.416061	81.453674	82.168312	82.640182	82.926353	83.066940	83.089348	83.011459	82.843506	82.589394	82.247177	81.809250	81.261902	80.584366	79.747223	78.709808	77.416466	75.790955	73.728630	71.085663	67.666191	63.211288	57.404011	49.927269	40.647850	
64.094299	67.788834	70.873795	73.317474	75.183838	76.569183	77.569016	78.265045	78.722374	78.990646	79.106491	79.095856	78.975906	78.756538	78.441078	78.026894	77.505402	76.861649	76.073463	75.110245	73.930786	72.480682	70.688644	68.462173	65.683304	62.206245	57.862358	52.482647	45.955765	38.338482	
63.052025	65.878433	68.326790	70.339554	71.926529	73.132637	74.014694	74.628464	75.022690	75.237198	75.302780	75.241997	75.069992	74.795280	74.420296	73.941681	73.350235	72.630600	71.760658	70.710556	69.441391	67.903580	66.035103	63.760048	60.988567	57.620110	53.553673	48.710487	43.074265	36.747589	
62.249432	64.364349	66.237473	67.812981	69.078812	70.051575	70.762421	71.247063	71.539894	71.670876	71.664284	71.538399	71.305573	70.972488	70.540390	70.005203	69.357468	68.582108	67.657990	66.557434	65.245453	63.679077	61.807045	59.570179	56.903465	53.741364	50.027985	45.734421	40.883179	35.574585	
61.597919	63.113754	64.472198	65.626762	66.558731	67.270409	67.777206	68.100723	68.264023	68.288536	68.192322	67.989296	67.688759	67.295364	66.809067	66.225189	65.534264	64.721893	63.768627	62.649601	61.334465	59.787334	57.967308	55.829811	53.329575	50.425789	47.090477	43.320175	39.149811	34.664280	
61.047432	62.045513	62.941387	63.698818	64.299133	64.738373	65.022903	65.165085	65.179672	65.081253	64.882545	64.593452	64.220352	63.765892	63.228828	62.603928	61.881866	61.049248	60.088493	58.977875	57.691673	56.200630	54.472870	52.475624	50.178131	47.556084	44.597687	41.311188	37.732349	33.929165	
60.567520	61.107594	61.583504	61.968330	62.246208	62.411251	62.465145	62.414516	62.268379	62.036171	61.726303	61.345230	60.896736	60.381657	59.797596	59.138916	58.396553	57.558163	56.608086	55.527622	54.295303	52.887608	51.280006	49.448715	47.373146	45.039391	42.444431	39.600777	36.540367	33.316238	
60.138332	60.264854	60.354874	60.389507	60.356735	60.251049	60.072159	59.823402	59.510021	59.137753	58.711674	58.235409	57.710567	57.136345	56.509407	55.823708	55.070545	54.238586	53.313972	52.280697	51.120979	49.816002	48.346970	46.696571	44.851078	42.802780	40.552910	38.114349	35.513668	32.791435	
59.746109	59.492229	59.223106	58.926788	58.595375	58.224953	57.814873	57.366837	56.883732	56.368706	55.824329	55.251980	54.651421	54.020493	53.354992	52.648590	51.892876	51.077412	50.189983	49.216858	48.143311	46.954235	45.635113	44.173218	42.559177	40.788731	38.864620	36.798214	34.610462	32.331726	
59.380638	58.770790	58.162998	57.551426	56.932327	56.303989	55.666397	55.020618	54.368191	53.710461	53.048107	52.380711	51.706474	51.022087	50.322548	49.601280	48.850098	48.059357	47.218201	46.314804	45.336868	44.272163	43.109283	41.838627	40.453472	38.951225	37.334587	35.612495	33.800568	31.920746	
59.033798	58.085224	57.153667	56.238922	55.341343	54.461761	53.601288	52.761024	51.941723	51.143448	50.365387	49.605614	48.860977	48.127068	47.398232	46.667549	45.927017	45.167641	44.379650	43.552803	42.676708	41.741325	40.737526	39.657753	38.496834	37.252724	35.927227	34.526520	33.061275	31.546385	
58.698559	57.422165	56.176620	54.967140	53.798157	52.673199	51.594807	50.564369	49.582146	48.647182	47.757320	46.909264	46.098591	45.319843	44.566643	43.831734	43.107185	42.384506	41.654816	40.909130	40.138630	39.334949	38.490627	37.599510	36.657249	35.661716	34.613419	33.515678	32.374680	31.199190	
58.368351	56.768982	55.214203	53.714684	52.279015	50.913479	49.622063	48.406498	47.266548	46.200191	45.203938	44.273060	43.401791	42.583595	41.811275	41.077179	40.373337	39.691616	39.023914	38.362297	37.699211	37.027687	36.341579	35.635757	34.906349	34.150867	33.368351	32.559364	31.725933	30.871372	
58.036415	56.112762	54.248329	52.459587	50.759430	49.156883	47.657204	46.262241	44.970963	43.780014	42.684303	41.677452	40.752186	39.900715	39.114929	38.386642	37.707783	37.070488	36.467278	35.891163	35.335747	34.795338	34.264954	33.740395	33.218178	32.695442	32.169823	31.639290	31.101990	30.556137	
57.695301	55.439217	53.259087	51.177818	49.212822	47.375713	45.672592	44.104851	42.670074	41.363029	40.176525	39.102123	38.130749	37.253113	36.460033	35.742683	35.092773	34.502647	33.965416	33.475006	33.026184	32.614540	32.236374	31.888508	31.568047	31.271988	30.996841	30.738211	30.490543	30.247063	
57.336151	54.731556	52.223312	49.841763	47.609077	45.539055	43.637856	41.905418	40.336952	38.924458	37.657898	36.526237	35.518158	34.622589	33.829075	33.128014	32.510815	31.970013	31.499321	31.093639	30.749014	30.462502	30.231936	30.055565	29.931519	29.857166	29.828350	29.838694	29.879082	29.937599	
56.947845	53.968884	51.112610	48.418259	45.912834	43.611481	41.519009	39.632324	37.942787	36.438335	35.105125	33.928768	32.895210	31.991261	31.204979	30.525881	29.945034	29.455160	29.050644	28.727489	28.483227	28.316710	28.227779	28.216705	28.283409	28.426460	28.641853	28.921822	29.253860	29.620495	
56.515640	53.123848	49.890671	46.865963	44.081337	41.551476	39.277496	37.250832	35.456856	33.877762	32.494637	31.288927	30.243263	29.342026	28.571609	27.920559	27.379608	26.941708	26.602011	26.357803	26.208387	26.154861	26.199688	26.346039	26.596748	26.952877	27.411880	27.965614	28.598560	29.287020	
56.019005	52.159153	48.509247	45.131859	42.061745	39.309769	36.869362	34.722862	32.846737	31.215313	29.803207	28.586777	27.544865	26.659155	25.914289	25.297829	24.800213	24.414711	24.137360	23.966927	23.904799	23.954815	24.122841	24.416063	24.841747	25.405371	26.107960	26.942841	27.892374	28.925812	
55.427963	51.021584	46.902039	43.146194	39.787819	36.827553	34.244694	32.007240	30.078983	28.423937	27.008801	25.804077	24.784500	23.928972	23.220423	22.645531	22.194550	21.861170	21.642441	21.538773	21.553913	21.694901	21.971830	22.397213	22.984741	23.747026	24.691999	25.817835	27.106956	28.520992	
54.696220	49.631950	44.975143	40.815556	37.176025	34.035057	31.347782	29.060698	27.120453	25.478298	24.091839	22.925364	21.949501	21.140610	20.480146	19.954163	19.552902	19.270611	19.105425	19.059462	19.138958	19.354502	19.721077	20.257885	20.987373	21.932978	23.114685	24.541584	26.201317	28.048708	
53.747910	47.866974	42.591755	38.013565	34.121613	30.851307	28.118773	25.840216	23.940687	22.356855	21.036909	19.939285	19.031116	18.286842	17.687023	17.217484	16.868744	16.635708	16.517601	16.518158	16.645988	16.915176	17.345928	17.965128	18.806335	19.908337	21.310698	23.044035	25.112671	27.470444	
52.449074	45.525337	39.548340	34.569660	30.496565	27.186775	24.498030	22.307415	20.515579	19.044722	17.834864	16.840113	16.025557	15.364884	14.838642	14.433046	14.139232	13.952873	13.874166	13.908118	14.065213	14.362438	14.824721	15.486721	16.394630	17.607094	19.193062	21.222088	23.739460	26.718763	
50.541084	42.262627	35.539391	30.259577	26.153656	22.952066	20.434761	18.435509	16.832491	15.537184	14.485152	13.629292	12.935026	12.377048	11.937107	11.602585	11.365637	11.222794	11.174954	11.227810	11.392723	11.688211	12.142216	12.795423	13.705786	14.954021	16.648277	18.921921	21.908737	25.663990	
47.467884	37.466606	30.115185	24.809584	20.945717	18.077148	15.901694	14.219226	12.896528	11.843516	10.998100	10.316725	9.768434	9.331137	8.989237	8.732163	8.553530	8.450743	8.425043	8.481962	8.632308	8.893908	9.294461	9.876205	10.703421	11.874288	13.538396	15.917827	19.313805	24.027798	
41.876064	30.038601	22.668339	17.945969	14.775105	12.545799	10.915928	9.686533	8.736798	7.990193	7.396420	6.921402	6.541554	6.240375	6.006403	5.831990	5.712599	5.646525	5.634918	5.682200	5.796936	5.993432	6.294537	6.736579	7.378366	8.318061	9.725687	11.905416	15.404855	21.133249	
30.006840	18.156961	12.591442	9.552665	7.688416	6.443801	5.561383	4.908414	4.410276	4.022058	3.715246	3.470986	3.276455	3.122799	3.003931	2.915826	2.856130	2.823993	2.820103	2.846919	2.909202	3.014980	3.177334	3.417731	3.772656	4.307813	5.151382	6.580395	9.270651	15.100741	
